-4.687500e+00 -4.687500e+00 7.342794e-51 7.397652e-51
-4.375000e+00 -4.687500e+00 1.908203e-50 1.861540e-50
-4.062500e+00 -4.687500e+00 9.139297e-49 9.099858e-49
-3.750000e+00 -4.687500e+00 1.432925e-47 1.421056e-47
-3.437500e+00 -4.687500e+00 1.732097e-46 1.718951e-46
-3.125000e+00 -4.687500e+00 1.363460e-45 1.351761e-45
-2.812500e+00 -4.687500e+00 7.853754e-45 7.783827e-45
-2.500000e+00 -4.687500e+00 3.442556e-44 3.410345e-44
-2.187500e+00 -4.687500e+00 1.180714e-43 1.169158e-43
-1.875000e+00 -4.687500e+00 3.330583e-43 3.297016e-43
-1.562500e+00 -4.687500e+00 7.936594e-43 7.854116e-43
-1.250000e+00 -4.687500e+00 1.640409e-42 1.622949e-42
-9.375000e-01 -4.687500e+00 3.039466e-42 3.006615e-42
-6.250000e-01 -4.687500e+00 5.139128e-42 5.082764e-42
-3.125000e-01 -4.687500e+00 7.967405e-42 7.878673e-42
0.000000e+00 -4.687500e+00 1.157921e-41 1.144952e-41
3.125000e-01 -4.687500e+00 1.620557e-41 1.602508e-41
6.250000e-01 -4.687500e+00 2.145677e-41 2.121852e-41
9.375000e-01 -4.687500e+00 2.528614e-41 2.500391e-41
1.250000e+00 -4.687500e+00 2.496309e-41 2.468237e-41
1.562500e+00 -4.687500e+00 1.986215e-41 1.963780e-41
1.875000e+00 -4.687500e+00 1.243639e-41 1.229614e-41
2.187500e+00 -4.687500e+00 6.011406e-42 5.944082e-42
2.500000e+00 -4.687500e+00 2.201846e-42 2.177444e-42
2.812500e+00 -4.687500e+00 5.967607e-43 5.902288e-43
3.125000e+00 -4.687500e+00 1.163780e-43 1.151175e-43
3.437500e+00 -4.687500e+00 1.585137e-44 1.568125e-44
3.750000e+00 -4.687500e+00 1.439298e-45 1.424079e-45
4.062500e+00 -4.687500e+00 8.423061e-47 8.327669e-47
4.375000e+00 -4.687500e+00 3.455952e-48 3.435803e-48
4.687500e+00 -4.687500e+00 3.022911e-50 2.857842e-50
5.000000e+00 -4.687500e+00 1.174966e-50 1.232570e-50

-4.687500e+00 -4.375000e+00 1.908203e-50 1.843468e-50
-4.375000e+00 -4.375000e+00 4.958928e-50 4.965511e-50
-4.062500e+00 -4.375000e+00 2.375068e-48 2.359315e-48
-3.750000e+00 -4.375000e+00 3.723804e-47 3.707881e-47
-3.437500e+00 -4.375000e+00 4.501273e-46 4.482397e-46
-3.125000e+00 -4.375000e+00 3.543282e-45 3.530996e-45
-2.812500e+00 -4.375000e+00 2.040988e-44 2.034709e-44
-2.500000e+00 -4.375000e+00 8.946316e-44 8.921249e-44
-2.187500e+00 -4.375000e+00 3.068373e-43 3.060583e-43
-1.875000e+00 -4.375000e+00 8.655327e-43 8.634451e-43
-1.562500e+00 -4.375000e+00 2.062516e-42 2.057747e-42
-1.250000e+00 -4.375000e+00 4.263001e-42 4.253486e-42
-9.375000e-01 -4.375000e+00 7.898789e-42 7.881357e-42
-6.250000e-01 -4.375000e+00 1.335527e-41 1.332584e-41
-3.125000e-01 -4.375000e+00 2.070523e-41 2.066046e-41
0.000000e+00 -4.375000e+00 3.009137e-41 3.002740e-41
3.125000e-01 -4.375000e+00 4.211409e-41 4.202263e-41
6.250000e-01 -4.375000e+00 5.576063e-41 5.563496e-41
9.375000e-01 -4.375000e+00 6.571216e-41 6.556098e-41
1.250000e+00 -4.375000e+00 6.487265e-41 6.472332e-41
1.562500e+00 -4.375000e+00 5.161661e-41 5.149860e-41
1.875000e+00 -4.375000e+00 3.231897e-41 3.224512e-41
2.187500e+00 -4.375000e+00 1.562210e-41 1.558597e-41
2.500000e+00 -4.375000e+00 5.722030e-42 5.708396e-42
2.812500e+00 -4.375000e+00 1.550827e-42 1.546948e-42
3.125000e+00 -4.375000e+00 3.024364e-43 3.016304e-43
3.437500e+00 -4.375000e+00 4.119364e-44 4.107314e-44
3.750000e+00 -4.375000e+00 3.740366e-45 3.728288e-45
4.062500e+00 -4.375000e+00 2.188937e-46 2.181140e-46
4.375000e+00 -4.375000e+00 8.981130e-48 8.929906e-48
4.687500e+00 -4.375000e+00 7.855768e-50 7.805308e-50
5.000000e+00 -4.375000e+00 3.053434e-50 3.002384e-50

-4.687500e+00 -4.062500e+00 9.139297e-49 9.095558e-49
-4.375000e+00 -4.062500e+00 2.375068e-48 2.366433e-48
-4.062500e+00 -4.062500e+00 1.137534e-46 1.137185e-46
-3.750000e+00 -4.062500e+00 1.783508e-45 1.782781e-45
-3.437500e+00 -4.062500e+00 2.155875e-44 2.155585e-44
-3.125000e+00 -4.062500e+00 1.697047e-43 1.697160e-43
-2.812500e+00 -4.062500e+00 9.775269e-43 9.777004e-43
-2.500000e+00 -4.062500e+00 4.284819e-42 4.285958e-42
-2.187500e+00 -4.062500e+00 1.469591e-41 1.470061e-41
-1.875000e+00 -4.062500e+00 4.145450e-41 4.146850e-41
-1.562500e+00 -4.062500e+00 9.878378e-41 9.881785e-41
-1.250000e+00 -4.062500e+00 2.041755e-40 2.042443e-40
-9.375000e-01 -4.062500e+00 3.783108e-40 3.784311e-40
-6.250000e-01 -4.062500e+00 6.396477e-40 6.398389e-40
-3.125000e-01 -4.062500e+00 9.916727e-40 9.919569e-40
0.000000e+00 -4.062500e+00 1.441220e-39 1.441617e-39
3.125000e-01 -4.062500e+00 2.017045e-39 2.017568e-39
6.250000e-01 -4.062500e+00 2.670643e-39 2.671286e-39
9.375000e-01 -4.062500e+00 3.147270e-39 3.147981e-39
1.250000e+00 -4.062500e+00 3.107062e-39 3.107732e-39
1.562500e+00 -4.062500e+00 2.472166e-39 2.472684e-39
1.875000e+00 -4.062500e+00 1.547910e-39 1.548227e-39
2.187500e+00 -4.062500e+00 7.482169e-40 7.483661e-40
2.500000e+00 -4.062500e+00 2.740554e-40 2.741071e-40
2.812500e+00 -4.062500e+00 7.427654e-41 7.428854e-41
3.125000e+00 -4.062500e+00 1.448513e-41 1.448672e-41
3.437500e+00 -4.062500e+00 1.972960e-42 1.972980e-42
3.750000e+00 -4.062500e+00 1.791440e-43 1.791166e-43
4.062500e+00 -4.062500e+00 1.048386e-44 1.047951e-44
4.375000e+00 -4.062500e+00 4.301493e-46 4.299615e-46
4.687500e+00 -4.062500e+00 3.762503e-48 3.736516e-48
5.000000e+00 -4.062500e+00 1.462436e-48 1.485951e-48

-4.687500e+00 -3.750000e+00 1.432925e-47 1.418822e-47
-4.375000e+00 -3.750000e+00 3.723804e-47 3.715878e-47
-4.062500e+00 -3.750000e+00 1.783508e-45 1.782018e-45
-3.750000e+00 -3.750000e+00 2.796314e-44 2.794891e-44
-3.437500e+00 -3.750000e+00 3.380138e-43 3.379199e-43
-3.125000e+00 -3.750000e+00 2.660754e-42 2.660750e-42
-2.812500e+00 -3.750000e+00 1.532638e-41 1.532867e-41
-2.500000e+00 -3.750000e+00 6.718050e-41 6.719764e-41
-2.187500e+00 -3.750000e+00 2.304131e-40 2.304897e-40
-1.875000e+00 -3.750000e+00 6.499539e-40 6.501861e-40
-1.562500e+00 -3.750000e+00 1.548804e-39 1.549374e-39
-1.250000e+00 -3.750000e+00 3.201212e-39 3.202383e-39
-9.375000e-01 -3.750000e+00 5.931432e-39 5.933485e-39
-6.250000e-01 -3.750000e+00 1.002886e-38 1.003210e-38
-3.125000e-01 -3.750000e+00 1.554817e-38 1.555305e-38
0.000000e+00 -3.750000e+00 2.259649e-38 2.260349e-38
3.125000e-01 -3.750000e+00 3.162470e-38 3.163383e-38
6.250000e-01 -3.750000e+00 4.187229e-38 4.188310e-38
9.375000e-01 -3.750000e+00 4.934518e-38 4.935677e-38
1.250000e+00 -3.750000e+00 4.871477e-38 4.872565e-38
1.562500e+00 -3.750000e+00 3.876042e-38 3.876892e-38
1.875000e+00 -3.750000e+00 2.426926e-38 2.427451e-38
2.187500e+00 -3.750000e+00 1.173109e-38 1.173355e-38
2.500000e+00 -3.750000e+00 4.296840e-39 4.297671e-39
2.812500e+00 -3.750000e+00 1.164562e-39 1.164745e-39
3.125000e+00 -3.750000e+00 2.271084e-40 2.271298e-40
3.437500e+00 -3.750000e+00 3.093351e-41 3.093278e-41
3.750000e+00 -3.750000e+00 2.808750e-42 2.808200e-42
4.062500e+00 -3.750000e+00 1.643737e-43 1.642965e-43
4.375000e+00 -3.750000e+00 6.744194e-45 6.738752e-45
4.687500e+00 -3.750000e+00 5.899126e-47 5.857937e-47
5.000000e+00 -3.750000e+00 2.292913e-47 2.317213e-47

-4.687500e+00 -3.437500e+00 1.732097e-46 1.716371e-46
-4.375000e+00 -3.437500e+00 4.501273e-46 4.491960e-46
-4.062500e+00 -3.437500e+00 2.155875e-44 2.155119e-44
-3.750000e+00 -3.437500e+00 3.380138e-43 3.379705e-43
-3.437500e+00 -3.437500e+00 4.085855e-42 4.086342e-42
-3.125000e+00 -3.437500e+00 3.216276e-41 3.217447e-41
-2.812500e+00 -3.437500e+00 1.852627e-40 1.853561e-40
-2.500000e+00 -3.437500e+00 8.120669e-40 8.125516e-40
-2.187500e+00 -3.437500e+00 2.785196e-39 2.787039e-39
-1.875000e+00 -3.437500e+00 7.856535e-39 7.861873e-39
-1.562500e+00 -3.437500e+00 1.872169e-38 1.873447e-38
-1.250000e+00 -3.437500e+00 3.869573e-38 3.872181e-38
-9.375000e-01 -3.437500e+00 7.169817e-38 7.174488e-38
-6.250000e-01 -3.437500e+00 1.212272e-37 1.213030e-37
-3.125000e-01 -3.437500e+00 1.879437e-37 1.880587e-37
0.000000e+00 -3.437500e+00 2.731427e-37 2.733082e-37
3.125000e-01 -3.437500e+00 3.822742e-37 3.824986e-37
6.250000e-01 -3.437500e+00 5.061453e-37 5.064280e-37
9.375000e-01 -3.437500e+00 5.964764e-37 5.967950e-37
1.250000e+00 -3.437500e+00 5.888562e-37 5.891624e-37
1.562500e+00 -3.437500e+00 4.685296e-37 4.687707e-37
1.875000e+00 -3.437500e+00 2.933628e-37 2.935131e-37
2.187500e+00 -3.437500e+00 1.418035e-37 1.418756e-37
2.500000e+00 -3.437500e+00 5.193949e-38 5.196528e-38
2.812500e+00 -3.437500e+00 1.407703e-38 1.408359e-38
3.125000e+00 -3.437500e+00 2.745249e-39 2.746370e-39
3.437500e+00 -3.437500e+00 3.739192e-40 3.740300e-40
3.750000e+00 -3.437500e+00 3.395171e-41 3.395614e-41
4.062500e+00 -3.437500e+00 1.986922e-42 1.986613e-42
4.375000e+00 -3.437500e+00 8.152270e-44 8.149359e-44
4.687500e+00 -3.437500e+00 7.130766e-46 7.076818e-46
5.000000e+00 -3.437500e+00 2.771635e-46 2.805188e-46

-4.687500e+00 -3.125000e+00 1.363460e-45 1.349851e-45
-4.375000e+00 -3.125000e+00 3.543282e-45 3.536979e-45
-4.062500e+00 -3.125000e+00 1.697047e-43 1.696731e-43
-3.750000e+00 -3.125000e+00 2.660754e-42 2.660899e-42
-3.437500e+00 -3.125000e+00 3.216276e-41 3.217263e-41
-3.125000e+00 -3.125000e+00 2.531766e-40 2.533138e-40
-2.812500e+00 -3.125000e+00 1.458339e-39 1.459333e-39
-2.500000e+00 -3.125000e+00 6.392373e-39 6.397268e-39
-2.187500e+00 -3.125000e+00 2.192431e-38 2.194239e-38
-1.875000e+00 -3.125000e+00 6.184454e-38 6.189624e-38
-1.562500e+00 -3.125000e+00 1.473721e-37 1.474947e-37
-1.250000e+00 -3.125000e+00 3.046024e-37 3.048517e-37
-9.375000e-01 -3.125000e+00 5.643888e-37 5.648358e-37
-6.250000e-01 -3.125000e+00 9.542684e-37 9.549949e-37
-3.125000e-01 -3.125000e+00 1.479442e-36 1.480544e-36
0.000000e+00 -3.125000e+00 2.150106e-36 2.151695e-36
3.125000e-01 -3.125000e+00 3.009160e-36 3.011330e-36
6.250000e-01 -3.125000e+00 3.984241e-36 3.986993e-36
9.375000e-01 -3.125000e+00 4.695303e-36 4.698417e-36
1.250000e+00 -3.125000e+00 4.635318e-36 4.638317e-36
1.562500e+00 -3.125000e+00 3.688140e-36 3.690503e-36
1.875000e+00 -3.125000e+00 2.309273e-36 2.310750e-36
2.187500e+00 -3.125000e+00 1.116239e-36 1.116951e-36
2.500000e+00 -3.125000e+00 4.088538e-37 4.091105e-37
2.812500e+00 -3.125000e+00 1.108106e-37 1.108770e-37
3.125000e+00 -3.125000e+00 2.160986e-38 2.162161e-38
3.437500e+00 -3.125000e+00 2.943392e-39 2.944662e-39
3.750000e+00 -3.125000e+00 2.672588e-40 2.673310e-40
4.062500e+00 -3.125000e+00 1.564052e-41 1.563997e-41
4.375000e+00 -3.125000e+00 6.417249e-43 6.416080e-43
4.687500e+00 -3.125000e+00 5.613148e-45 5.565242e-45
5.000000e+00 -3.125000e+00 2.181757e-45 2.207622e-45

-4.687500e+00 -2.812500e+00 7.853754e-45 7.772478e-45
-4.375000e+00 -2.812500e+00 2.040988e-44 2.037731e-44
-4.062500e+00 -2.812500e+00 9.775269e-43 9.775038e-43
-3.750000e+00 -2.812500e+00 1.532638e-41 1.532960e-41
-3.437500e+00 -2.812500e+00 1.852627e-40 1.853491e-40
-3.125000e+00 -2.812500e+00 1.458339e-39 1.459344e-39
-2.812500e+00 -2.812500e+00 8.400270e-39 8.407213e-39
-2.500000e+00 -2.812500e+00 3.682112e-38 3.685434e-38
-2.187500e+00 -2.812500e+00 1.262876e-37 1.264082e-37
-1.875000e+00 -2.812500e+00 3.562347e-37 3.565769e-37
-1.562500e+00 -2.812500e+00 8.488875e-37 8.496944e-37
-1.250000e+00 -2.812500e+00 1.754560e-36 1.756196e-36
-9.375000e-01 -2.812500e+00 3.250972e-36 3.253908e-36
-6.250000e-01 -2.812500e+00 5.496742e-36 5.501519e-36
-3.125000e-01 -2.812500e+00 8.521830e-36 8.529072e-36
0.000000e+00 -2.812500e+00 1.238496e-35 1.239541e-35
3.125000e-01 -2.812500e+00 1.733326e-35 1.734757e-35
6.250000e-01 -2.812500e+00 2.294988e-35 2.296814e-35
9.375000e-01 -2.812500e+00 2.704571e-35 2.706644e-35
1.250000e+00 -2.812500e+00 2.670019e-35 2.672017e-35
1.562500e+00 -2.812500e+00 2.124429e-35 2.126004e-35
1.875000e+00 -2.812500e+00 1.330179e-35 1.331165e-35
2.187500e+00 -2.812500e+00 6.429719e-36 6.434480e-36
2.500000e+00 -2.812500e+00 2.355065e-36 2.356791e-36
2.812500e+00 -2.812500e+00 6.382872e-37 6.387390e-37
3.125000e+00 -2.812500e+00 1.244763e-37 1.245579e-37
3.437500e+00 -2.812500e+00 1.695442e-38 1.696368e-38
3.750000e+00 -2.812500e+00 1.539454e-39 1.540054e-39
4.062500e+00 -2.812500e+00 9.009193e-41 9.009882e-41
4.375000e+00 -2.812500e+00 3.696440e-42 3.696351e-42
4.687500e+00 -2.812500e+00 3.233265e-44 3.203947e-44
5.000000e+00 -2.812500e+00 1.256728e-44 1.271728e-44

-4.687500e+00 -2.500000e+00 3.442556e-44 3.405574e-44
-4.375000e+00 -2.500000e+00 8.946316e-44 8.932426e-44
-4.062500e+00 -2.500000e+00 4.284819e-42 4.285170e-42
-3.750000e+00 -2.500000e+00 6.718050e-41 6.720017e-41
-3.437500e+00 -2.500000e+00 8.120669e-40 8.125178e-40
-3.125000e+00 -2.500000e+00 6.392373e-39 6.397247e-39
-2.812500e+00 -2.500000e+00 3.682112e-38 3.685408e-38
-2.500000e+00 -2.500000e+00 1.613989e-37 1.615540e-37
-2.187500e+00 -2.500000e+00 5.535598e-37 5.541163e-37
-1.875000e+00 -2.500000e+00 1.561493e-36 1.563062e-36
-1.562500e+00 -2.500000e+00 3.720950e-36 3.724627e-36
-1.250000e+00 -2.500000e+00 7.690806e-36 7.698230e-36
-9.375000e-01 -2.500000e+00 1.425007e-35 1.426335e-35
-6.250000e-01 -2.500000e+00 2.409401e-35 2.411556e-35
-3.125000e-01 -2.500000e+00 3.735395e-35 3.738652e-35
0.000000e+00 -2.500000e+00 5.428732e-35 5.433426e-35
3.125000e-01 -2.500000e+00 7.597730e-35 7.604179e-35
6.250000e-01 -2.500000e+00 1.005968e-34 1.006791e-34
9.375000e-01 -2.500000e+00 1.185502e-34 1.186435e-34
1.250000e+00 -2.500000e+00 1.170356e-34 1.171255e-34
1.562500e+00 -2.500000e+00 9.312063e-35 9.319139e-35
1.875000e+00 -2.500000e+00 5.830608e-35 5.835039e-35
2.187500e+00 -2.500000e+00 2.818355e-35 2.820501e-35
2.500000e+00 -2.500000e+00 1.032301e-35 1.033083e-35
2.812500e+00 -2.500000e+00 2.797821e-36 2.799875e-36
3.125000e+00 -2.500000e+00 5.456203e-37 5.459939e-37
3.437500e+00 -2.500000e+00 7.431673e-38 7.435969e-38
3.750000e+00 -2.500000e+00 6.747929e-39 6.750812e-39
4.062500e+00 -2.500000e+00 3.949023e-40 3.949423e-40
4.375000e+00 -2.500000e+00 1.620270e-41 1.620389e-41
4.687500e+00 -2.500000e+00 1.417245e-43 1.403182e-43
5.000000e+00 -2.500000e+00 5.508647e-44 5.575400e-44

-4.687500e+00 -2.187500e+00 1.180714e-43 1.167600e-43
-4.375000e+00 -2.187500e+00 3.068373e-43 3.063729e-43
-4.062500e+00 -2.187500e+00 1.469591e-41 1.469817e-41
-3.750000e+00 -2.187500e+00 2.304131e-40 2.304937e-40
-3.437500e+00 -2.187500e+00 2.785196e-39 2.786913e-39
-3.125000e+00 -2.187500e+00 2.192431e-38 2.194210e-38
-2.812500e+00 -2.187500e+00 1.262876e-37 1.264064e-37
-2.500000e+00 -2.187500e+00 5.535598e-37 5.541121e-37
-2.187500e+00 -2.187500e+00 1.898578e-36 1.900543e-36
-1.875000e+00 -2.187500e+00 5.355547e-36 5.361059e-36
-1.562500e+00 -2.187500e+00 1.276197e-35 1.277482e-35
-1.250000e+00 -2.187500e+00 2.637763e-35 2.640346e-35
-9.375000e-01 -2.187500e+00 4.887433e-35 4.892042e-35
-6.250000e-01 -2.187500e+00 8.263670e-35 8.271125e-35
-3.125000e-01 -2.187500e+00 1.281151e-34 1.282275e-34
0.000000e+00 -2.187500e+00 1.861926e-34 1.863543e-34
3.125000e-01 -2.187500e+00 2.605840e-34 2.608065e-34
6.250000e-01 -2.187500e+00 3.450230e-34 3.453071e-34
9.375000e-01 -2.187500e+00 4.065988e-34 4.069205e-34
1.250000e+00 -2.187500e+00 4.014042e-34 4.017134e-34
1.562500e+00 -2.187500e+00 3.193815e-34 3.196249e-34
1.875000e+00 -2.187500e+00 1.999759e-34 2.001284e-34
2.187500e+00 -2.187500e+00 9.666285e-35 9.673682e-35
2.500000e+00 -2.187500e+00 3.540548e-35 3.543247e-35
2.812500e+00 -2.187500e+00 9.595857e-36 9.602986e-36
3.125000e+00 -2.187500e+00 1.871347e-36 1.872650e-36
3.437500e+00 -2.187500e+00 2.548886e-37 2.550396e-37
3.750000e+00 -2.187500e+00 2.314379e-38 2.315413e-38
4.062500e+00 -2.187500e+00 1.354420e-39 1.354573e-39
4.375000e+00 -2.187500e+00 5.557140e-41 5.557910e-41
4.687500e+00 -2.187500e+00 4.860813e-43 4.809313e-43
5.000000e+00 -2.187500e+00 1.889334e-43 1.912399e-43

-4.687500e+00 -1.875000e+00 3.330583e-43 3.292922e-43
-4.375000e+00 -1.875000e+00 8.655327e-43 8.641824e-43
-4.062500e+00 -1.875000e+00 4.145450e-41 4.146292e-41
-3.750000e+00 -1.875000e+00 6.499539e-40 6.501951e-40
-3.437500e+00 -1.875000e+00 7.856535e-39 7.861589e-39
-3.125000e+00 -1.875000e+00 6.184454e-38 6.189552e-38
-2.812500e+00 -1.875000e+00 3.562347e-37 3.565726e-37
-2.500000e+00 -1.875000e+00 1.561493e-36 1.563051e-36
-2.187500e+00 -1.875000e+00 5.355547e-36 5.361056e-36
-1.875000e+00 -1.875000e+00 1.510703e-35 1.512241e-35
-1.562500e+00 -1.875000e+00 3.599922e-35 3.603484e-35
-1.250000e+00 -1.875000e+00 7.440654e-35 7.447782e-35
-9.375000e-01 -1.875000e+00 1.378657e-34 1.379924e-34
-6.250000e-01 -1.875000e+00 2.331033e-34 2.333072e-34
-3.125000e-01 -1.875000e+00 3.613898e-34 3.616958e-34
0.000000e+00 -1.875000e+00 5.252157e-34 5.256560e-34
3.125000e-01 -1.875000e+00 7.350606e-34 7.356665e-34
6.250000e-01 -1.875000e+00 9.732477e-34 9.740209e-34
9.375000e-01 -1.875000e+00 1.146942e-33 1.147815e-33
1.250000e+00 -1.875000e+00 1.132289e-33 1.133126e-33
1.562500e+00 -1.875000e+00 9.009178e-34 9.015756e-34
1.875000e+00 -1.875000e+00 5.640962e-34 5.645085e-34
2.187500e+00 -1.875000e+00 2.726685e-34 2.728690e-34
2.500000e+00 -1.875000e+00 9.987248e-35 9.994583e-35
2.812500e+00 -1.875000e+00 2.706819e-35 2.708761e-35
3.125000e+00 -1.875000e+00 5.278734e-36 5.282292e-36
3.437500e+00 -1.875000e+00 7.189950e-37 7.194072e-37
3.750000e+00 -1.875000e+00 6.528445e-38 6.531271e-38
4.062500e+00 -1.875000e+00 3.820576e-39 3.820925e-39
4.375000e+00 -1.875000e+00 1.567569e-40 1.567844e-40
4.687500e+00 -1.875000e+00 1.371148e-42 1.355755e-42
5.000000e+00 -1.875000e+00 5.329472e-43 5.395716e-43

-4.687500e+00 -1.562500e+00 7.936594e-43 7.845561e-43
-4.375000e+00 -1.562500e+00 2.062516e-42 2.059132e-42
-4.062500e+00 -1.562500e+00 9.878378e-41 9.880661e-41
-3.750000e+00 -1.562500e+00 1.548804e-39 1.549379e-39
-3.437500e+00 -1.562500e+00 1.872169e-38 1.873383e-38
-3.125000e+00 -1.562500e+00 1.473721e-37 1.474925e-37
-2.812500e+00 -1.562500e+00 8.488875e-37 8.496827e-37
-2.500000e+00 -1.562500e+00 3.720950e-36 3.724592e-36
-2.187500e+00 -1.562500e+00 1.276197e-35 1.277477e-35
-1.875000e+00 -1.562500e+00 3.599922e-35 3.603475e-35
-1.562500e+00 -1.562500e+00 8.578414e-35 8.586596e-35
-1.250000e+00 -1.562500e+00 1.773067e-34 1.774695e-34
-9.375000e-01 -1.562500e+00 3.285263e-34 3.288143e-34
-6.250000e-01 -1.562500e+00 5.554721e-34 5.559333e-34
-3.125000e-01 -1.562500e+00 8.611717e-34 8.618605e-34
0.000000e+00 -1.562500e+00 1.251560e-33 1.252549e-33
3.125000e-01 -1.562500e+00 1.751608e-33 1.752970e-33
6.250000e-01 -1.562500e+00 2.319195e-33 2.320930e-33
9.375000e-01 -1.562500e+00 2.733099e-33 2.735051e-33
1.250000e+00 -1.562500e+00 2.698182e-33 2.700047e-33
1.562500e+00 -1.562500e+00 2.146837e-33 2.148300e-33
1.875000e+00 -1.562500e+00 1.344210e-33 1.345127e-33
2.187500e+00 -1.562500e+00 6.497539e-34 6.502008e-34
2.500000e+00 -1.562500e+00 2.379906e-34 2.381545e-34
2.812500e+00 -1.562500e+00 6.450198e-35 6.454550e-35
3.125000e+00 -1.562500e+00 1.257893e-35 1.258690e-35
3.437500e+00 -1.562500e+00 1.713325e-36 1.714244e-36
3.750000e+00 -1.562500e+00 1.555692e-37 1.556315e-37
4.062500e+00 -1.562500e+00 9.104221e-39 9.104698e-39
4.375000e+00 -1.562500e+00 3.735430e-40 3.736147e-40
4.687500e+00 -1.562500e+00 3.267369e-42 3.228709e-42
5.000000e+00 -1.562500e+00 1.269984e-42 1.286056e-42

-4.687500e+00 -1.250000e+00 1.640409e-42 1.621420e-42
-4.375000e+00 -1.250000e+00 4.263001e-42 4.255667e-42
-4.062500e+00 -1.250000e+00 2.041755e-40 2.042265e-40
-3.750000e+00 -1.250000e+00 3.201212e-39 3.202382e-39
-3.437500e+00 -1.250000e+00 3.869573e-38 3.872076e-38
-3.125000e+00 -1.250000e+00 3.046024e-37 3.048475e-37
-2.812500e+00 -1.250000e+00 1.754560e-36 1.756175e-36
-2.500000e+00 -1.250000e+00 7.690806e-36 7.698161e-36
-2.187500e+00 -1.250000e+00 2.637763e-35 2.640334e-35
-1.875000e+00 -1.250000e+00 7.440654e-35 7.447758e-35
-1.562500e+00 -1.250000e+00 1.773067e-34 1.774693e-34
-1.250000e+00 -1.250000e+00 3.664739e-34 3.667958e-34
-9.375000e-01 -1.250000e+00 6.790287e-34 6.795953e-34
-6.250000e-01 -1.250000e+00 1.148101e-33 1.149004e-33
-3.125000e-01 -1.250000e+00 1.779950e-33 1.781290e-33
0.000000e+00 -1.250000e+00 2.586840e-33 2.588762e-33
3.125000e-01 -1.250000e+00 3.620387e-33 3.623032e-33
6.250000e-01 -1.250000e+00 4.793528e-33 4.796892e-33
9.375000e-01 -1.250000e+00 5.649023e-33 5.652795e-33
1.250000e+00 -1.250000e+00 5.576854e-33 5.580443e-33
1.562500e+00 -1.250000e+00 4.437283e-33 4.440094e-33
1.875000e+00 -1.250000e+00 2.778338e-33 2.780102e-33
2.187500e+00 -1.250000e+00 1.342972e-33 1.343833e-33
2.500000e+00 -1.250000e+00 4.919011e-34 4.922178e-34
2.812500e+00 -1.250000e+00 1.333187e-34 1.334029e-34
3.125000e+00 -1.250000e+00 2.599931e-35 2.601474e-35
3.437500e+00 -1.250000e+00 3.541260e-36 3.543027e-36
3.750000e+00 -1.250000e+00 3.215450e-37 3.216632e-37
4.062500e+00 -1.250000e+00 1.881745e-38 1.881774e-38
4.375000e+00 -1.250000e+00 7.720735e-40 7.722273e-40
4.687500e+00 -1.250000e+00 6.753303e-42 6.670220e-42
5.000000e+00 -1.250000e+00 2.624920e-42 2.658668e-42

-4.687500e+00 -9.375000e-01 3.039466e-42 3.004231e-42
-4.375000e+00 -9.375000e-01 7.898789e-42 7.884415e-42
-4.062500e+00 -9.375000e-01 3.783108e-40 3.784094e-40
-3.750000e+00 -9.375000e-01 5.931432e-39 5.933511e-39
-3.437500e+00 -9.375000e-01 7.169817e-38 7.174377e-38
-3.125000e+00 -9.375000e-01 5.643888e-37 5.648316e-37
-2.812500e+00 -9.375000e-01 3.250972e-36 3.253887e-36
-2.500000e+00 -9.375000e-01 1.425007e-35 1.426328e-35
-2.187500e+00 -9.375000e-01 4.887433e-35 4.892032e-35
-1.875000e+00 -9.375000e-01 1.378657e-34 1.379922e-34
-1.562500e+00 -9.375000e-01 3.285263e-34 3.288142e-34
-1.250000e+00 -9.375000e-01 6.790287e-34 6.795955e-34
-9.375000e-01 -9.375000e-01 1.258152e-33 1.259145e-33
-6.250000e-01 -9.375000e-01 2.127283e-33 2.128854e-33
-3.125000e-01 -9.375000e-01 3.298017e-33 3.300338e-33
0.000000e+00 -9.375000e-01 4.793080e-33 4.796401e-33
3.125000e-01 -9.375000e-01 6.708109e-33 6.712679e-33
6.250000e-01 -9.375000e-01 8.881788e-33 8.887588e-33
9.375000e-01 -9.375000e-01 1.046691e-32 1.047338e-32
1.250000e+00 -9.375000e-01 1.033319e-32 1.033933e-32
1.562500e+00 -9.375000e-01 8.221711e-33 8.226508e-33
1.875000e+00 -9.375000e-01 5.147901e-33 5.150911e-33
2.187500e+00 -9.375000e-01 2.488353e-33 2.489826e-33
2.500000e+00 -9.375000e-01 9.114290e-34 9.119723e-34
2.812500e+00 -9.375000e-01 2.470223e-34 2.471671e-34
3.125000e+00 -9.375000e-01 4.817335e-35 4.819987e-35
3.437500e+00 -9.375000e-01 6.561496e-36 6.564505e-36
3.750000e+00 -9.375000e-01 5.957812e-37 5.959785e-37
4.062500e+00 -9.375000e-01 3.486630e-38 3.486546e-38
4.375000e+00 -9.375000e-01 1.430552e-39 1.430836e-39
4.687500e+00 -9.375000e-01 1.251300e-41 1.235439e-41
5.000000e+00 -9.375000e-01 4.863638e-42 4.927293e-42

-4.687500e+00 -6.250000e-01 5.139128e-42 5.079623e-42
-4.375000e+00 -6.250000e-01 1.335527e-41 1.332945e-41
-4.062500e+00 -6.250000e-01 6.396477e-40 6.398160e-40
-3.750000e+00 -6.250000e-01 1.002886e-38 1.003215e-38
-3.437500e+00 -6.250000e-01 1.212272e-37 1.213020e-37
-3.125000e+00 -6.250000e-01 9.542684e-37 9.549908e-37
-2.812500e+00 -6.250000e-01 5.496742e-36 5.501500e-36
-2.500000e+00 -6.250000e-01 2.409401e-35 2.411549e-35
-2.187500e+00 -6.250000e-01 8.263670e-35 8.271117e-35
-1.875000e+00 -6.250000e-01 2.331033e-34 2.333071e-34
-1.562500e+00 -6.250000e-01 5.554721e-34 5.559334e-34
-1.250000e+00 -6.250000e-01 1.148101e-33 1.149004e-33
-9.375000e-01 -6.250000e-01 2.127283e-33 2.128855e-33
-6.250000e-01 -6.250000e-01 3.596810e-33 3.599281e-33
-3.125000e-01 -6.250000e-01 5.576285e-33 5.579915e-33
0.000000e+00 -6.250000e-01 8.104138e-33 8.109319e-33
3.125000e-01 -6.250000e-01 1.134207e-32 1.134919e-32
6.250000e-01 -6.250000e-01 1.501732e-32 1.502634e-32
9.375000e-01 -6.250000e-01 1.769744e-32 1.770746e-32
1.250000e+00 -6.250000e-01 1.747135e-32 1.748080e-32
1.562500e+00 -6.250000e-01 1.390127e-32 1.390863e-32
1.875000e+00 -6.250000e-01 8.704068e-33 8.708693e-33
2.187500e+00 -6.250000e-01 4.207306e-33 4.209575e-33
2.500000e+00 -6.250000e-01 1.541044e-33 1.541883e-33
2.812500e+00 -6.250000e-01 4.176652e-34 4.178893e-34
3.125000e+00 -6.250000e-01 8.145148e-35 8.149243e-35
3.437500e+00 -6.250000e-01 1.109417e-35 1.109876e-35
3.750000e+00 -6.250000e-01 1.007347e-36 1.007638e-36
4.062500e+00 -6.250000e-01 5.895193e-38 5.894787e-38
4.375000e+00 -6.250000e-01 2.418777e-39 2.419237e-39
4.687500e+00 -6.250000e-01 2.115697e-41 2.088143e-41
5.000000e+00 -6.250000e-01 8.223437e-42 8.332997e-42

-4.687500e+00 -3.125000e-01 7.967405e-42 7.875007e-42
-4.375000e+00 -3.125000e-01 2.070523e-41 2.066366e-41
-4.062500e+00 -3.125000e-01 9.916727e-40 9.919374e-40
-3.750000e+00 -3.125000e-01 1.554817e-38 1.555305e-38
-3.437500e+00 -3.125000e-01 1.879437e-37 1.880576e-37
-3.125000e+00 -3.125000e-01 1.479442e-36 1.480538e-36
-2.812500e+00 -3.125000e-01 8.521830e-36 8.529042e-36
-2.500000e+00 -3.125000e-01 3.735395e-35 3.738641e-35
-2.187500e+00 -3.125000e-01 1.281151e-34 1.282272e-34
-1.875000e+00 -3.125000e-01 3.613898e-34 3.616955e-34
-1.562500e+00 -3.125000e-01 8.611717e-34 8.618599e-34
-1.250000e+00 -3.125000e-01 1.779950e-33 1.781290e-33
-9.375000e-01 -3.125000e-01 3.298017e-33 3.300338e-33
-6.250000e-01 -3.125000e-01 5.576285e-33 5.579915e-33
-3.125000e-01 -3.125000e-01 8.645149e-33 8.650454e-33
0.000000e+00 -3.125000e-01 1.256419e-32 1.257174e-32
3.125000e-01 -3.125000e-01 1.758408e-32 1.759447e-32
6.250000e-01 -3.125000e-01 2.328199e-32 2.329510e-32
9.375000e-01 -3.125000e-01 2.743709e-32 2.745160e-32
1.250000e+00 -3.125000e-01 2.708657e-32 2.710020e-32
1.562500e+00 -3.125000e-01 2.155171e-32 2.156231e-32
1.875000e+00 -3.125000e-01 1.349428e-32 1.350094e-32
2.187500e+00 -3.125000e-01 6.522763e-33 6.526035e-33
2.500000e+00 -3.125000e-01 2.389145e-33 2.390359e-33
2.812500e+00 -3.125000e-01 6.475239e-34 6.478487e-34
3.125000e+00 -3.125000e-01 1.262776e-34 1.263370e-34
3.437500e+00 -3.125000e-01 1.719976e-35 1.720634e-35
3.750000e+00 -3.125000e-01 1.561732e-36 1.562139e-36
4.062500e+00 -3.125000e-01 9.139565e-38 9.138658e-38
4.375000e+00 -3.125000e-01 3.749931e-39 3.750628e-39
4.687500e+00 -3.125000e-01 3.280054e-41 3.236469e-41
5.000000e+00 -3.125000e-01 1.274914e-41 1.292095e-41

-4.687500e+00 0.000000e+00 1.157921e-41 1.144487e-41
-4.375000e+00 0.000000e+00 3.009137e-41 3.003011e-41
-4.062500e+00 0.000000e+00 1.441220e-39 1.441615e-39
-3.750000e+00 0.000000e+00 2.259649e-38 2.260358e-38
-3.437500e+00 0.000000e+00 2.731427e-37 2.733085e-37
-3.125000e+00 0.000000e+00 2.150106e-36 2.151694e-36
-2.812500e+00 0.000000e+00 1.238496e-35 1.239541e-35
-2.500000e+00 0.000000e+00 5.428732e-35 5.433424e-35
-2.187500e+00 0.000000e+00 1.861926e-34 1.863543e-34
-1.875000e+00 0.000000e+00 5.252157e-34 5.256560e-34
-1.562500e+00 0.000000e+00 1.251560e-33 1.252549e-33
-1.250000e+00 0.000000e+00 2.586840e-33 2.588762e-33
-9.375000e-01 0.000000e+00 4.793080e-33 4.796402e-33
-6.250000e-01 0.000000e+00 8.104138e-33 8.109317e-33
-3.125000e-01 0.000000e+00 1.256419e-32 1.257174e-32
0.000000e+00 0.000000e+00 1.825981e-32 1.827055e-32
3.125000e-01 0.000000e+00 2.555534e-32 2.557010e-32
6.250000e-01 0.000000e+00 3.383622e-32 3.385485e-32
9.375000e-01 0.000000e+00 3.987493e-32 3.989550e-32
1.250000e+00 0.000000e+00 3.936551e-32 3.938479e-32
1.562500e+00 0.000000e+00 3.132158e-32 3.133656e-32
1.875000e+00 0.000000e+00 1.961154e-32 1.962095e-32
2.187500e+00 0.000000e+00 9.479676e-33 9.484307e-33
2.500000e+00 0.000000e+00 3.472197e-33 3.473919e-33
2.812500e+00 0.000000e+00 9.410607e-34 9.415223e-34
3.125000e+00 0.000000e+00 1.835221e-34 1.836065e-34
3.437500e+00 0.000000e+00 2.499680e-35 2.500614e-35
3.750000e+00 0.000000e+00 2.269699e-36 2.270275e-36
4.062500e+00 0.000000e+00 1.328273e-37 1.328132e-37
4.375000e+00 0.000000e+00 5.449858e-39 5.450887e-39
4.687500e+00 0.000000e+00 4.766974e-41 4.703165e-41
5.000000e+00 0.000000e+00 1.852860e-41 1.877971e-41

-4.687500e+00 3.125000e-01 1.620557e-41 1.601900e-41
-4.375000e+00 3.125000e-01 4.211409e-41 4.202625e-41
-4.062500e+00 3.125000e-01 2.017045e-39 2.017590e-39
-3.750000e+00 3.125000e-01 3.162470e-38 3.163425e-38
-3.437500e+00 3.125000e-01 3.822742e-37 3.825024e-37
-3.125000e+00 3.125000e-01 3.009160e-36 3.011350e-36
-2.812500e+00 3.125000e-01 1.733326e-35 1.734768e-35
-2.500000e+00 3.125000e-01 7.597730e-35 7.604212e-35
-2.187500e+00 3.125000e-01 2.605840e-34 2.608075e-34
-1.875000e+00 3.125000e-01 7.350606e-34 7.356686e-34
-1.562500e+00 3.125000e-01 1.751608e-33 1.752974e-33
-1.250000e+00 3.125000e-01 3.620387e-33 3.623038e-33
-9.375000e-01 3.125000e-01 6.708109e-33 6.712686e-33
-6.250000e-01 3.125000e-01 1.134207e-32 1.134920e-32
-3.125000e-01 3.125000e-01 1.758408e-32 1.759447e-32
0.000000e+00 3.125000e-01 2.555534e-32 2.557010e-32
3.125000e-01 3.125000e-01 3.576573e-32 3.578601e-32
6.250000e-01 3.125000e-01 4.735516e-32 4.738074e-32
9.375000e-01 3.125000e-01 5.580657e-32 5.583479e-32
1.250000e+00 3.125000e-01 5.509361e-32 5.512003e-32
1.562500e+00 3.125000e-01 4.383582e-32 4.385633e-32
1.875000e+00 3.125000e-01 2.744714e-32 2.746002e-32
2.187500e+00 3.125000e-01 1.326719e-32 1.327353e-32
2.500000e+00 3.125000e-01 4.859479e-33 4.861840e-33
2.812500e+00 3.125000e-01 1.317052e-33 1.317685e-33
3.125000e+00 3.125000e-01 2.568465e-34 2.569622e-34
3.437500e+00 3.125000e-01 3.498403e-35 3.499677e-35
3.750000e+00 3.125000e-01 3.176535e-36 3.177311e-36
4.062500e+00 3.125000e-01 1.858972e-37 1.858756e-37
4.375000e+00 3.125000e-01 7.627296e-39 7.628691e-39
4.687500e+00 3.125000e-01 6.671573e-41 6.582278e-41
5.000000e+00 3.125000e-01 2.593153e-41 2.628574e-41

-4.687500e+00 6.250000e-01 2.145677e-41 2.121283e-41
-4.375000e+00 6.250000e-01 5.576063e-41 5.563879e-41
-4.062500e+00 6.250000e-01 2.670643e-39 2.671310e-39
-3.750000e+00 6.250000e-01 4.187229e-38 4.188352e-38
-3.437500e+00 6.250000e-01 5.061453e-37 5.064319e-37
-3.125000e+00 6.250000e-01 3.984241e-36 3.987014e-36
-2.812500e+00 6.250000e-01 2.294988e-35 2.296824e-35
-2.500000e+00 6.250000e-01 1.005968e-34 1.006795e-34
-2.187500e+00 6.250000e-01 3.450230e-34 3.453082e-34
-1.875000e+00 6.250000e-01 9.732477e-34 9.740235e-34
-1.562500e+00 6.250000e-01 2.319195e-33 2.320935e-33
-1.250000e+00 6.250000e-01 4.793528e-33 4.796901e-33
-9.375000e-01 6.250000e-01 8.881788e-33 8.887600e-33
-6.250000e-01 6.250000e-01 1.501732e-32 1.502636e-32
-3.125000e-01 6.250000e-01 2.328199e-32 2.329511e-32
0.000000e+00 6.250000e-01 3.383622e-32 3.385487e-32
3.125000e-01 6.250000e-01 4.735516e-32 4.738076e-32
6.250000e-01 6.250000e-01 6.270000e-32 6.273224e-32
9.375000e-01 6.250000e-01 7.388999e-32 7.392546e-32
1.250000e+00 6.250000e-01 7.294600e-32 7.297915e-32
1.562500e+00 6.250000e-01 5.804026e-32 5.806597e-32
1.875000e+00 6.250000e-01 3.634104e-32 3.635718e-32
2.187500e+00 6.250000e-01 1.756625e-32 1.757421e-32
2.500000e+00 6.250000e-01 6.434133e-33 6.437092e-33
2.812500e+00 6.250000e-01 1.743827e-33 1.744619e-33
3.125000e+00 6.250000e-01 3.400744e-34 3.402183e-34
3.437500e+00 6.250000e-01 4.632016e-35 4.633576e-35
3.750000e+00 6.250000e-01 4.205852e-36 4.206759e-36
4.062500e+00 6.250000e-01 2.461348e-37 2.460990e-37
4.375000e+00 6.250000e-01 1.009883e-38 1.010045e-38
4.687500e+00 6.250000e-01 8.833412e-41 8.714968e-41
5.000000e+00 6.250000e-01 3.433431e-41 3.480880e-41

-4.687500e+00 9.375000e-01 2.528614e-41 2.500186e-41
-4.375000e+00 9.375000e-01 6.571216e-41 6.556174e-41
-4.062500e+00 9.375000e-01 3.147270e-39 3.147987e-39
-3.750000e+00 9.375000e-01 4.934518e-38 4.935664e-38
-3.437500e+00 9.375000e-01 5.964764e-37 5.967941e-37
-3.125000e+00 9.375000e-01 4.695303e-36 4.698405e-36
-2.812500e+00 9.375000e-01 2.704571e-35 2.706638e-35
-2.500000e+00 9.375000e-01 1.185502e-34 1.186433e-34
-2.187500e+00 9.375000e-01 4.065988e-34 4.069200e-34
-1.875000e+00 9.375000e-01 1.146942e-33 1.147814e-33
-1.562500e+00 9.375000e-01 2.733099e-33 2.735051e-33
-1.250000e+00 9.375000e-01 5.649023e-33 5.652796e-33
-9.375000e-01 9.375000e-01 1.046691e-32 1.047339e-32
-6.250000e-01 9.375000e-01 1.769744e-32 1.770748e-32
-3.125000e-01 9.375000e-01 2.743709e-32 2.745162e-32
0.000000e+00 9.375000e-01 3.987493e-32 3.989552e-32
3.125000e-01 9.375000e-01 5.580657e-32 5.583482e-32
6.250000e-01 9.375000e-01 7.388999e-32 7.392550e-32
9.375000e-01 9.375000e-01 8.707704e-32 8.711599e-32
1.250000e+00 9.375000e-01 8.596458e-32 8.600089e-32
1.562500e+00 9.375000e-01 6.839863e-32 6.842674e-32
1.875000e+00 9.375000e-01 4.282677e-32 4.284443e-32
2.187500e+00 9.375000e-01 2.070128e-32 2.070998e-32
2.500000e+00 9.375000e-01 7.582424e-33 7.585661e-33
2.812500e+00 9.375000e-01 2.055045e-33 2.055910e-33
3.125000e+00 9.375000e-01 4.007671e-34 4.009230e-34
3.437500e+00 9.375000e-01 5.458686e-35 5.460337e-35
3.750000e+00 9.375000e-01 4.956464e-36 4.957361e-36
4.062500e+00 9.375000e-01 2.900622e-37 2.900097e-37
4.375000e+00 9.375000e-01 1.190115e-38 1.190276e-38
4.687500e+00 9.375000e-01 1.040990e-40 1.026970e-40
5.000000e+00 9.375000e-01 4.046192e-41 4.102728e-41

-4.687500e+00 1.250000e+00 2.496309e-41 2.468450e-41
-4.375000e+00 1.250000e+00 6.487265e-41 6.472032e-41
-4.062500e+00 1.250000e+00 3.107062e-39 3.107739e-39
-3.750000e+00 1.250000e+00 4.871477e-38 4.872513e-38
-3.437500e+00 1.250000e+00 5.888562e-37 5.891585e-37
-3.125000e+00 1.250000e+00 4.635318e-36 4.638283e-36
-2.812500e+00 1.250000e+00 2.670019e-35 2.671999e-35
-2.500000e+00 1.250000e+00 1.170356e-34 1.171248e-34
-2.187500e+00 1.250000e+00 4.014042e-34 4.017115e-34
-1.875000e+00 1.250000e+00 1.132289e-33 1.133122e-33
-1.562500e+00 1.250000e+00 2.698182e-33 2.700040e-33
-1.250000e+00 1.250000e+00 5.576854e-33 5.580434e-33
-9.375000e-01 1.250000e+00 1.033319e-32 1.033932e-32
-6.250000e-01 1.250000e+00 1.747135e-32 1.748080e-32
-3.125000e-01 1.250000e+00 2.708657e-32 2.710020e-32
0.000000e+00 1.250000e+00 3.936551e-32 3.938480e-32
3.125000e-01 1.250000e+00 5.509361e-32 5.512006e-32
6.250000e-01 1.250000e+00 7.294600e-32 7.297921e-32
9.375000e-01 1.250000e+00 8.596458e-32 8.600093e-32
1.250000e+00 1.250000e+00 8.486634e-32 8.490014e-32
1.562500e+00 1.250000e+00 6.752480e-32 6.755094e-32
1.875000e+00 1.250000e+00 4.227964e-32 4.229605e-32
2.187500e+00 1.250000e+00 2.043681e-32 2.044490e-32
2.500000e+00 1.250000e+00 7.485554e-33 7.488564e-33
2.812500e+00 1.250000e+00 2.028791e-33 2.029594e-33
3.125000e+00 1.250000e+00 3.956471e-34 3.957912e-34
3.437500e+00 1.250000e+00 5.388948e-35 5.390448e-35
3.750000e+00 1.250000e+00 4.893143e-36 4.893914e-36
4.062500e+00 1.250000e+00 2.863565e-37 2.862985e-37
4.375000e+00 1.250000e+00 1.174911e-38 1.175051e-38
4.687500e+00 1.250000e+00 1.027691e-40 1.013824e-40
5.000000e+00 1.250000e+00 3.994499e-41 4.050658e-41

-4.687500e+00 1.562500e+00 1.986215e-41 1.964122e-41
-4.375000e+00 1.562500e+00 5.161661e-41 5.149554e-41
-4.062500e+00 1.562500e+00 2.472166e-39 2.472710e-39
-3.750000e+00 1.562500e+00 3.876042e-38 3.876866e-38
-3.437500e+00 1.562500e+00 4.685296e-37 4.687691e-37
-3.125000e+00 1.562500e+00 3.688140e-36 3.690485e-36
-2.812500e+00 1.562500e+00 2.124429e-35 2.125992e-35
-2.500000e+00 1.562500e+00 9.312063e-35 9.319096e-35
-2.187500e+00 1.562500e+00 3.193815e-34 3.196234e-34
-1.875000e+00 1.562500e+00 9.009178e-34 9.015724e-34
-1.562500e+00 1.562500e+00 2.146837e-33 2.148294e-33
-1.250000e+00 1.562500e+00 4.437283e-33 4.440084e-33
-9.375000e-01 1.562500e+00 8.221711e-33 8.226495e-33
-6.250000e-01 1.562500e+00 1.390127e-32 1.390862e-32
-3.125000e-01 1.562500e+00 2.155171e-32 2.156231e-32
0.000000e+00 1.562500e+00 3.132158e-32 3.133655e-32
3.125000e-01 1.562500e+00 4.383582e-32 4.385633e-32
6.250000e-01 1.562500e+00 5.804026e-32 5.806600e-32
9.375000e-01 1.562500e+00 6.839863e-32 6.842679e-32
1.250000e+00 1.562500e+00 6.752480e-32 6.755097e-32
1.562500e+00 1.562500e+00 5.372682e-32 5.374704e-32
1.875000e+00 1.562500e+00 3.364024e-32 3.365293e-32
2.187500e+00 1.562500e+00 1.626076e-32 1.626702e-32
2.500000e+00 1.562500e+00 5.955961e-33 5.958289e-33
2.812500e+00 1.562500e+00 1.614229e-33 1.614850e-33
3.125000e+00 1.562500e+00 3.148008e-34 3.149122e-34
3.437500e+00 1.562500e+00 4.287774e-35 4.288929e-35
3.750000e+00 1.562500e+00 3.893281e-36 3.893867e-36
4.062500e+00 1.562500e+00 2.278426e-37 2.277956e-37
4.375000e+00 1.562500e+00 9.348301e-39 9.349382e-39
4.687500e+00 1.562500e+00 8.176930e-41 8.066979e-41
5.000000e+00 1.562500e+00 3.178266e-41 3.222917e-41

-4.687500e+00 1.875000e+00 1.243639e-41 1.229802e-41
-4.375000e+00 1.875000e+00 3.231897e-41 3.224526e-41
-4.062500e+00 1.875000e+00 1.547910e-39 1.548258e-39
-3.750000e+00 1.875000e+00 2.426926e-38 2.427474e-38
-3.437500e+00 1.875000e+00 2.933628e-37 2.935150e-37
-3.125000e+00 1.875000e+00 2.309273e-36 2.310761e-36
-2.812500e+00 1.875000e+00 1.330179e-35 1.331167e-35
-2.500000e+00 1.875000e+00 5.830608e-35 5.835047e-35
-2.187500e+00 1.875000e+00 1.999759e-34 2.001285e-34
-1.875000e+00 1.875000e+00 5.640962e-34 5.645084e-34
-1.562500e+00 1.875000e+00 1.344210e-33 1.345127e-33
-1.250000e+00 1.875000e+00 2.778338e-33 2.780100e-33
-9.375000e-01 1.875000e+00 5.147901e-33 5.150907e-33
-6.250000e-01 1.875000e+00 8.704068e-33 8.708687e-33
-3.125000e-01 1.875000e+00 1.349428e-32 1.350093e-32
0.000000e+00 1.875000e+00 1.961154e-32 1.962093e-32
3.125000e-01 1.875000e+00 2.744714e-32 2.746000e-32
6.250000e-01 1.875000e+00 3.634104e-32 3.635718e-32
9.375000e-01 1.875000e+00 4.282677e-32 4.284445e-32
1.250000e+00 1.875000e+00 4.227964e-32 4.229608e-32
1.562500e+00 1.875000e+00 3.364024e-32 3.365295e-32
1.875000e+00 1.875000e+00 2.106333e-32 2.107130e-32
2.187500e+00 1.875000e+00 1.018143e-32 1.018536e-32
2.500000e+00 1.875000e+00 3.729235e-33 3.730697e-33
2.812500e+00 1.875000e+00 1.010725e-33 1.011115e-33
3.125000e+00 1.875000e+00 1.971078e-34 1.971780e-34
3.437500e+00 1.875000e+00 2.684725e-35 2.685458e-35
3.750000e+00 1.875000e+00 2.437719e-36 2.438101e-36
4.062500e+00 1.875000e+00 1.426602e-37 1.426324e-37
4.375000e+00 1.875000e+00 5.853298e-39 5.853978e-39
4.687500e+00 1.875000e+00 5.119862e-41 5.051780e-41
5.000000e+00 1.875000e+00 1.990023e-41 2.017719e-41

-4.687500e+00 2.187500e+00 6.011406e-42 5.944317e-42
-4.375000e+00 2.187500e+00 1.562210e-41 1.558827e-41
-4.062500e+00 2.187500e+00 7.482169e-40 7.483813e-40
-3.750000e+00 2.187500e+00 1.173109e-38 1.173391e-38
-3.437500e+00 2.187500e+00 1.418035e-37 1.418780e-37
-3.125000e+00 2.187500e+00 1.116239e-36 1.116969e-36
-2.812500e+00 2.187500e+00 6.429719e-36 6.434559e-36
-2.500000e+00 2.187500e+00 2.818355e-35 2.820529e-35
-2.187500e+00 2.187500e+00 9.666285e-35 9.673758e-35
-1.875000e+00 2.187500e+00 2.726685e-34 2.728705e-34
-1.562500e+00 2.187500e+00 6.497539e-34 6.502035e-34
-1.250000e+00 2.187500e+00 1.342972e-33 1.343836e-33
-9.375000e-01 2.187500e+00 2.488353e-33 2.489829e-33
-6.250000e-01 2.187500e+00 4.207306e-33 4.209575e-33
-3.125000e-01 2.187500e+00 6.522763e-33 6.526032e-33
0.000000e+00 2.187500e+00 9.479676e-33 9.484295e-33
3.125000e-01 2.187500e+00 1.326719e-32 1.327351e-32
6.250000e-01 2.187500e+00 1.756625e-32 1.757419e-32
9.375000e-01 2.187500e+00 2.070128e-32 2.070998e-32
1.250000e+00 2.187500e+00 2.043681e-32 2.044491e-32
1.562500e+00 2.187500e+00 1.626076e-32 1.626703e-32
1.875000e+00 2.187500e+00 1.018143e-32 1.018536e-32
2.187500e+00 2.187500e+00 4.921424e-33 4.923360e-33
2.500000e+00 2.187500e+00 1.802609e-33 1.803329e-33
2.812500e+00 2.187500e+00 4.885567e-34 4.887489e-34
3.125000e+00 2.187500e+00 9.527646e-35 9.531117e-35
3.437500e+00 2.187500e+00 1.297722e-35 1.298089e-35
3.750000e+00 2.187500e+00 1.178326e-36 1.178524e-36
4.062500e+00 2.187500e+00 6.895800e-38 6.894582e-38
4.375000e+00 2.187500e+00 2.829323e-39 2.829633e-39
4.687500e+00 2.187500e+00 2.474800e-41 2.442564e-41
5.000000e+00 2.187500e+00 9.619223e-42 9.750520e-42

-4.687500e+00 2.500000e+00 2.201846e-42 2.177128e-42
-4.375000e+00 2.500000e+00 5.722030e-42 5.710496e-42
-4.062500e+00 2.500000e+00 2.740554e-40 2.741077e-40
-3.750000e+00 2.500000e+00 4.296840e-39 4.297889e-39
-3.437500e+00 2.500000e+00 5.193949e-38 5.196640e-38
-3.125000e+00 2.500000e+00 4.088538e-37 4.091211e-37
-2.812500e+00 2.500000e+00 2.355065e-36 2.356839e-36
-2.500000e+00 2.500000e+00 1.032301e-35 1.033100e-35
-2.187500e+00 2.500000e+00 3.540548e-35 3.543302e-35
-1.875000e+00 2.500000e+00 9.987248e-35 9.994700e-35
-1.562500e+00 2.500000e+00 2.379906e-34 2.381567e-34
-1.250000e+00 2.500000e+00 4.919011e-34 4.922211e-34
-9.375000e-01 2.500000e+00 9.114290e-34 9.119759e-34
-6.250000e-01 2.500000e+00 1.541044e-33 1.541886e-33
-3.125000e-01 2.500000e+00 2.389145e-33 2.390360e-33
0.000000e+00 2.500000e+00 3.472197e-33 3.473916e-33
3.125000e-01 2.500000e+00 4.859479e-33 4.861831e-33
6.250000e-01 2.500000e+00 6.434133e-33 6.437081e-33
9.375000e-01 2.500000e+00 7.582424e-33 7.585658e-33
1.250000e+00 2.500000e+00 7.485554e-33 7.488570e-33
1.562500e+00 2.500000e+00 5.955961e-33 5.958295e-33
1.875000e+00 2.500000e+00 3.729235e-33 3.730699e-33
2.187500e+00 2.500000e+00 1.802609e-33 1.803329e-33
2.500000e+00 2.500000e+00 6.602562e-34 6.605235e-34
2.812500e+00 2.500000e+00 1.789476e-34 1.790189e-34
3.125000e+00 2.500000e+00 3.489767e-35 3.491055e-35
3.437500e+00 2.500000e+00 4.753270e-36 4.754636e-36
3.750000e+00 2.500000e+00 4.315950e-37 4.316697e-37
4.062500e+00 2.500000e+00 2.525780e-38 2.525369e-38
4.375000e+00 2.500000e+00 1.036319e-39 1.036406e-39
4.687500e+00 2.500000e+00 9.064648e-42 8.950116e-42
5.000000e+00 2.500000e+00 3.523310e-42 3.569937e-42

-4.687500e+00 2.812500e+00 5.967607e-43 5.900076e-43
-4.375000e+00 2.812500e+00 1.550827e-42 1.547970e-42
-4.062500e+00 2.812500e+00 7.427654e-41 7.428537e-41
-3.750000e+00 2.812500e+00 1.164562e-39 1.164818e-39
-3.437500e+00 2.812500e+00 1.407703e-38 1.408378e-38
-3.125000e+00 2.812500e+00 1.108106e-37 1.108802e-37
-2.812500e+00 2.812500e+00 6.382872e-37 6.387532e-37
-2.500000e+00 2.812500e+00 2.797821e-36 2.799933e-36
-2.187500e+00 2.812500e+00 9.595857e-36 9.603182e-36
-1.875000e+00 2.812500e+00 2.706819e-35 2.708805e-35
-1.562500e+00 2.812500e+00 6.450198e-35 6.454639e-35
-1.250000e+00 2.812500e+00 1.333187e-34 1.334044e-34
-9.375000e-01 2.812500e+00 2.470223e-34 2.471688e-34
-6.250000e-01 2.812500e+00 4.176652e-34 4.178906e-34
-3.125000e-01 2.812500e+00 6.475239e-34 6.478499e-34
0.000000e+00 2.812500e+00 9.410607e-34 9.415225e-34
3.125000e-01 2.812500e+00 1.317052e-33 1.317683e-33
6.250000e-01 2.812500e+00 1.743827e-33 1.744614e-33
9.375000e-01 2.812500e+00 2.055045e-33 2.055908e-33
1.250000e+00 2.812500e+00 2.028791e-33 2.029596e-33
1.562500e+00 2.812500e+00 1.614229e-33 1.614852e-33
1.875000e+00 2.812500e+00 1.010725e-33 1.011116e-33
2.187500e+00 2.812500e+00 4.885567e-34 4.887485e-34
2.500000e+00 2.812500e+00 1.789476e-34 1.790186e-34
2.812500e+00 2.812500e+00 4.849971e-35 4.851856e-35
3.125000e+00 2.812500e+00 9.458228e-36 9.461614e-36
3.437500e+00 2.812500e+00 1.288267e-36 1.288622e-36
3.750000e+00 2.812500e+00 1.169741e-37 1.169929e-37
4.062500e+00 2.812500e+00 6.845558e-39 6.844430e-39
4.375000e+00 2.812500e+00 2.808708e-40 2.808767e-40
4.687500e+00 2.812500e+00 2.456769e-42 2.427111e-42
5.000000e+00 2.812500e+00 9.549138e-43 9.669755e-43

-4.687500e+00 3.125000e+00 1.163780e-43 1.150565e-43
-4.375000e+00 3.125000e+00 3.024364e-43 3.019241e-43
-4.062500e+00 3.125000e+00 1.448513e-41 1.448500e-41
-3.750000e+00 3.125000e+00 2.271084e-40 2.271427e-40
-3.437500e+00 3.125000e+00 2.745249e-39 2.746332e-39
-3.125000e+00 3.125000e+00 2.160986e-38 2.162196e-38
-2.812500e+00 3.125000e+00 1.244763e-37 1.245594e-37
-2.500000e+00 3.125000e+00 5.456203e-37 5.460020e-37
-2.187500e+00 3.125000e+00 1.871347e-36 1.872685e-36
-1.875000e+00 3.125000e+00 5.278734e-36 5.282375e-36
-1.562500e+00 3.125000e+00 1.257893e-35 1.258709e-35
-1.250000e+00 3.125000e+00 2.599931e-35 2.601507e-35
-9.375000e-01 3.125000e+00 4.817335e-35 4.820024e-35
-6.250000e-01 3.125000e+00 8.145148e-35 8.149276e-35
-3.125000e-01 3.125000e+00 1.262776e-34 1.263374e-34
0.000000e+00 3.125000e+00 1.835221e-34 1.836067e-34
3.125000e-01 3.125000e+00 2.568465e-34 2.569615e-34
6.250000e-01 3.125000e+00 3.400744e-34 3.402170e-34
9.375000e-01 3.125000e+00 4.007671e-34 4.009225e-34
1.250000e+00 3.125000e+00 3.956471e-34 3.957917e-34
1.562500e+00 3.125000e+00 3.148008e-34 3.149129e-34
1.875000e+00 3.125000e+00 1.971078e-34 1.971780e-34
2.187500e+00 3.125000e+00 9.527646e-35 9.531083e-35
2.500000e+00 3.125000e+00 3.489767e-35 3.491032e-35
2.812500e+00 3.125000e+00 9.458228e-36 9.461554e-36
3.125000e+00 3.125000e+00 1.844508e-36 1.845095e-36
3.437500e+00 3.125000e+00 2.512329e-37 2.512916e-37
3.750000e+00 3.125000e+00 2.281184e-38 2.281450e-38
4.062500e+00 3.125000e+00 1.334995e-39 1.334734e-39
4.375000e+00 3.125000e+00 5.477436e-41 5.476920e-41
4.687500e+00 3.125000e+00 4.791097e-43 4.736957e-43
5.000000e+00 3.125000e+00 1.862236e-43 1.884397e-43

-4.687500e+00 3.437500e+00 1.585137e-44 1.567305e-44
-4.375000e+00 3.437500e+00 4.119364e-44 4.112445e-44
-4.062500e+00 3.437500e+00 1.972960e-42 1.972560e-42
-3.750000e+00 3.437500e+00 3.093351e-41 3.093377e-41
-3.437500e+00 3.437500e+00 3.739192e-40 3.740082e-40
-3.125000e+00 3.437500e+00 2.943392e-39 2.944637e-39
-2.812500e+00 3.437500e+00 1.695442e-38 1.696351e-38
-2.500000e+00 3.437500e+00 7.431673e-38 7.435970e-38
-2.187500e+00 3.437500e+00 2.548886e-37 2.550421e-37
-1.875000e+00 3.437500e+00 7.189950e-37 7.194140e-37
-1.562500e+00 3.437500e+00 1.713325e-36 1.714264e-36
-1.250000e+00 3.437500e+00 3.541260e-36 3.543068e-36
-9.375000e-01 3.437500e+00 6.561496e-36 6.564551e-36
-6.250000e-01 3.437500e+00 1.109417e-35 1.109880e-35
-3.125000e-01 3.437500e+00 1.719976e-35 1.720641e-35
0.000000e+00 3.437500e+00 2.499680e-35 2.500618e-35
3.125000e-01 3.437500e+00 3.498403e-35 3.499663e-35
6.250000e-01 3.437500e+00 4.632016e-35 4.633550e-35
9.375000e-01 3.437500e+00 5.458686e-35 5.460327e-35
1.250000e+00 3.437500e+00 5.388948e-35 5.390458e-35
1.562500e+00 3.437500e+00 4.287774e-35 4.288938e-35
1.875000e+00 3.437500e+00 2.684725e-35 2.685453e-35
2.187500e+00 3.437500e+00 1.297722e-35 1.298078e-35
2.500000e+00 3.437500e+00 4.753270e-36 4.754567e-36
2.812500e+00 3.437500e+00 1.288267e-36 1.288599e-36
3.125000e+00 3.437500e+00 2.512329e-37 2.512886e-37
3.437500e+00 3.437500e+00 3.421941e-38 3.422399e-38
3.750000e+00 3.437500e+00 3.107109e-39 3.107145e-39
4.062500e+00 3.437500e+00 1.818342e-40 1.817822e-40
4.375000e+00 3.437500e+00 7.460593e-42 7.458541e-42
4.687500e+00 3.437500e+00 6.525758e-44 6.457413e-44
5.000000e+00 3.437500e+00 2.536477e-44 2.565018e-44

-4.687500e+00 3.750000e+00 1.439298e-45 1.423328e-45
-4.375000e+00 3.750000e+00 3.740366e-45 3.733931e-45
-4.062500e+00 3.750000e+00 1.791440e-43 1.790651e-43
-3.750000e+00 3.750000e+00 2.808750e-42 2.808242e-42
-3.437500e+00 3.750000e+00 3.395171e-41 3.395291e-41
-3.125000e+00 3.750000e+00 2.672588e-40 2.673232e-40
-2.812500e+00 3.750000e+00 1.539454e-39 1.540008e-39
-2.500000e+00 3.750000e+00 6.747929e-39 6.750712e-39
-2.187500e+00 3.750000e+00 2.314379e-38 2.315411e-38
-1.875000e+00 3.750000e+00 6.528445e-38 6.531276e-38
-1.562500e+00 3.750000e+00 1.555692e-37 1.556325e-37
-1.250000e+00 3.750000e+00 3.215450e-37 3.216655e-37
-9.375000e-01 3.750000e+00 5.957812e-37 5.959801e-37
-6.250000e-01 3.750000e+00 1.007347e-36 1.007638e-36
-3.125000e-01 3.750000e+00 1.561732e-36 1.562141e-36
0.000000e+00 3.750000e+00 2.269699e-36 2.270273e-36
3.125000e-01 3.750000e+00 3.176535e-36 3.177285e-36
6.250000e-01 3.750000e+00 4.205852e-36 4.206722e-36
9.375000e-01 3.750000e+00 4.956464e-36 4.957348e-36
1.250000e+00 3.750000e+00 4.893143e-36 4.893927e-36
1.562500e+00 3.750000e+00 3.893281e-36 3.893877e-36
1.875000e+00 3.750000e+00 2.437719e-36 2.438090e-36
2.187500e+00 3.750000e+00 1.178326e-36 1.178506e-36
2.500000e+00 3.750000e+00 4.315950e-37 4.316585e-37
2.812500e+00 3.750000e+00 1.169741e-37 1.169891e-37
3.125000e+00 3.750000e+00 2.281184e-38 2.281382e-38
3.437500e+00 3.750000e+00 3.107109e-39 3.107093e-39
3.750000e+00 3.750000e+00 2.821242e-40 2.820867e-40
4.062500e+00 3.750000e+00 1.651047e-41 1.650362e-41
4.375000e+00 3.750000e+00 6.774188e-43 6.770797e-43
4.687500e+00 3.750000e+00 5.925362e-45 5.868701e-45
5.000000e+00 3.750000e+00 2.303111e-45 2.327538e-45

-4.687500e+00 4.062500e+00 8.423061e-47 8.322563e-47
-4.375000e+00 4.062500e+00 2.188937e-46 2.184755e-46
-4.062500e+00 4.062500e+00 1.048386e-44 1.047420e-44
-3.750000e+00 4.062500e+00 1.643737e-43 1.642751e-43
-3.437500e+00 4.062500e+00 1.986922e-42 1.986144e-42
-3.125000e+00 4.062500e+00 1.564052e-41 1.563782e-41
-2.812500e+00 4.062500e+00 9.009193e-41 9.008774e-41
-2.500000e+00 4.062500e+00 3.949023e-40 3.949073e-40
-2.187500e+00 4.062500e+00 1.354420e-39 1.354494e-39
-1.875000e+00 4.062500e+00 3.820576e-39 3.820757e-39
-1.562500e+00 4.062500e+00 9.104221e-39 9.104454e-39
-1.250000e+00 4.062500e+00 1.881745e-38 1.881744e-38
-9.375000e-01 4.062500e+00 3.486630e-38 3.486498e-38
-6.250000e-01 4.062500e+00 5.895193e-38 5.894724e-38
-3.125000e-01 4.062500e+00 9.139565e-38 9.138624e-38
0.000000e+00 4.062500e+00 1.328273e-37 1.328127e-37
3.125000e-01 4.062500e+00 1.858972e-37 1.858736e-37
6.250000e-01 4.062500e+00 2.461348e-37 2.460962e-37
9.375000e-01 4.062500e+00 2.900622e-37 2.900086e-37
1.250000e+00 4.062500e+00 2.863565e-37 2.862991e-37
1.562500e+00 4.062500e+00 2.278426e-37 2.277956e-37
1.875000e+00 4.062500e+00 1.426602e-37 1.426306e-37
2.187500e+00 4.062500e+00 6.895800e-38 6.894357e-38
2.500000e+00 4.062500e+00 2.525780e-38 2.525226e-38
2.812500e+00 4.062500e+00 6.845558e-39 6.843874e-39
3.125000e+00 4.062500e+00 1.334995e-39 1.334600e-39
3.437500e+00 4.062500e+00 1.818342e-40 1.817621e-40
3.750000e+00 4.062500e+00 1.651047e-41 1.650169e-41
4.062500e+00 4.062500e+00 9.662257e-43 9.654356e-43
4.375000e+00 4.062500e+00 3.964390e-44 3.960619e-44
4.687500e+00 4.062500e+00 3.467640e-46 3.433558e-46
5.000000e+00 4.062500e+00 1.347826e-46 1.360507e-46

-4.687500e+00 4.375000e+00 3.455952e-48 3.431901e-48
-4.375000e+00 4.375000e+00 8.981130e-48 8.959614e-48
-4.062500e+00 4.375000e+00 4.301493e-46 4.299998e-46
-3.750000e+00 4.375000e+00 6.744194e-45 6.742388e-45
-3.437500e+00 4.375000e+00 8.152270e-44 8.151716e-44
-3.125000e+00 4.375000e+00 6.417249e-43 6.418074e-43
-2.812500e+00 4.375000e+00 3.696440e-42 3.697269e-42
-2.500000e+00 4.375000e+00 1.620270e-41 1.620736e-41
-2.187500e+00 4.375000e+00 5.557140e-41 5.558939e-41
-1.875000e+00 4.375000e+00 1.567569e-40 1.568071e-40
-1.562500e+00 4.375000e+00 3.735430e-40 3.736576e-40
-1.250000e+00 4.375000e+00 7.720735e-40 7.722922e-40
-9.375000e-01 4.375000e+00 1.430552e-39 1.430910e-39
-6.250000e-01 4.375000e+00 2.418777e-39 2.419301e-39
-3.125000e-01 4.375000e+00 3.749931e-39 3.750666e-39
0.000000e+00 4.375000e+00 5.449858e-39 5.450856e-39
3.125000e-01 4.375000e+00 7.627296e-39 7.628561e-39
6.250000e-01 4.375000e+00 1.009883e-38 1.010030e-38
9.375000e-01 4.375000e+00 1.190115e-38 1.190269e-38
1.250000e+00 4.375000e+00 1.174911e-38 1.175049e-38
1.562500e+00 4.375000e+00 9.348301e-39 9.349344e-39
1.875000e+00 4.375000e+00 5.853298e-39 5.853926e-39
2.187500e+00 4.375000e+00 2.829323e-39 2.829613e-39
2.500000e+00 4.375000e+00 1.036319e-39 1.036416e-39
2.812500e+00 4.375000e+00 2.808708e-40 2.808913e-40
3.125000e+00 4.375000e+00 5.477436e-41 5.477619e-41
3.437500e+00 4.375000e+00 7.460593e-42 7.460231e-42
3.750000e+00 4.375000e+00 6.774188e-43 6.772984e-43
4.062500e+00 4.375000e+00 3.964390e-44 3.962824e-44
4.375000e+00 4.375000e+00 1.626575e-45 1.625745e-45
4.687500e+00 4.375000e+00 1.422761e-47 1.413417e-47
5.000000e+00 4.375000e+00 5.530084e-48 5.601900e-48

-4.687500e+00 4.687500e+00 3.022911e-50 2.843829e-50
-4.375000e+00 4.687500e+00 7.855768e-50 7.770205e-50
-4.062500e+00 4.687500e+00 3.762503e-48 3.707845e-48
-3.750000e+00 4.687500e+00 5.899126e-47 5.820593e-47
-3.437500e+00 4.687500e+00 7.130766e-46 7.038944e-46
-3.125000e+00 4.687500e+00 5.613148e-45 5.540894e-45
-2.812500e+00 4.687500e+00 3.233265e-44 3.192567e-44
-2.500000e+00 4.687500e+00 1.417245e-43 1.399230e-43
-2.187500e+00 4.687500e+00 4.860813e-43 4.798894e-43
-1.875000e+00 4.687500e+00 1.371148e-42 1.353570e-42
-1.562500e+00 4.687500e+00 3.267369e-42 3.224989e-42
-1.250000e+00 4.687500e+00 6.753303e-42 6.665186e-42
-9.375000e-01 4.687500e+00 1.251300e-41 1.234883e-41
-6.250000e-01 4.687500e+00 2.115697e-41 2.087680e-41
-3.125000e-01 4.687500e+00 3.280054e-41 3.236406e-41
0.000000e+00 4.687500e+00 4.766974e-41 4.703766e-41
3.125000e-01 4.687500e+00 6.671573e-41 6.583259e-41
6.250000e-01 4.687500e+00 8.833412e-41 8.715639e-41
9.375000e-01 4.687500e+00 1.040990e-40 1.026976e-40
1.250000e+00 4.687500e+00 1.027691e-40 1.013791e-40
1.562500e+00 4.687500e+00 8.176930e-41 8.066359e-41
1.875000e+00 4.687500e+00 5.119862e-41 5.050818e-41
2.187500e+00 4.687500e+00 2.474800e-41 2.441502e-41
2.500000e+00 4.687500e+00 9.064648e-42 8.942464e-42
2.812500e+00 4.687500e+00 2.456769e-42 2.423442e-42
3.125000e+00 4.687500e+00 4.791097e-43 4.725287e-43
3.437500e+00 4.687500e+00 6.525758e-44 6.434113e-44
3.750000e+00 4.687500e+00 5.925362e-45 5.841143e-45
4.062500e+00 4.687500e+00 3.467640e-46 3.414267e-46
4.375000e+00 4.687500e+00 1.422761e-47 1.403323e-47
4.687500e+00 4.687500e+00 1.244484e-49 1.165730e-49
5.000000e+00 4.687500e+00 4.837148e-50 4.744618e-50

-4.687500e+00 5.000000e+00 1.174966e-50 1.261574e-50
-4.375000e+00 5.000000e+00 3.053434e-50 3.024460e-50
-4.062500e+00 5.000000e+00 1.462436e-48 1.495227e-48
-3.750000e+00 5.000000e+00 2.292913e-47 2.330230e-47
-3.437500e+00 5.000000e+00 2.771635e-46 2.819162e-46
-3.125000e+00 5.000000e+00 2.181757e-45 2.216937e-45
-2.812500e+00 5.000000e+00 1.256728e-44 1.276339e-44
-2.500000e+00 5.000000e+00 5.508647e-44 5.592824e-44
-2.187500e+00 5.000000e+00 1.889334e-43 1.917401e-43
-1.875000e+00 5.000000e+00 5.329472e-43 5.407448e-43
-1.562500e+00 5.000000e+00 1.269984e-42 1.288312e-42
-1.250000e+00 5.000000e+00 2.624920e-42 2.662254e-42
-9.375000e-01 5.000000e+00 4.863638e-42 4.932242e-42
-6.250000e-01 5.000000e+00 8.223437e-42 8.338908e-42
-3.125000e-01 5.000000e+00 1.274914e-41 1.292641e-41
0.000000e+00 5.000000e+00 1.852860e-41 1.878392e-41
3.125000e-01 5.000000e+00 2.593153e-41 2.629014e-41
6.250000e-01 5.000000e+00 3.433431e-41 3.481370e-41
9.375000e-01 5.000000e+00 4.046192e-41 4.102932e-41
1.250000e+00 5.000000e+00 3.994499e-41 4.050373e-41
1.562500e+00 5.000000e+00 3.178266e-41 3.222528e-41
1.875000e+00 5.000000e+00 1.990023e-41 2.017702e-41
2.187500e+00 5.000000e+00 9.619223e-42 9.753498e-42
2.500000e+00 5.000000e+00 3.523310e-42 3.572975e-42
2.812500e+00 5.000000e+00 9.549138e-43 9.685623e-43
3.125000e+00 5.000000e+00 1.862236e-43 1.889257e-43
3.437500e+00 5.000000e+00 2.536477e-44 2.573967e-44
3.750000e+00 5.000000e+00 2.303111e-45 2.337470e-45
4.062500e+00 5.000000e+00 1.347826e-46 1.367692e-46
4.375000e+00 5.000000e+00 5.530084e-48 5.639902e-48
4.687500e+00 5.000000e+00 4.837148e-50 4.829657e-50
5.000000e+00 5.000000e+00 1.880136e-50 2.082516e-50

