  0 1.006   0
0.01 0.92503 -0.16626
0.02 0.88038 -0.32702
0.03 0.80766 -0.477
0.04 0.70934 -0.61125
0.05 0.58877 -0.72543
0.06 0.45003 -0.81587
0.07 0.2978 -0.87974
0.08 0.13717 -0.91513
0.09 -0.026504 -0.92113
0.1 -0.18784 -0.89779
0.11 -0.34158 -0.8462
0.12 -0.48278 -0.76837
0.13 -0.607 -0.66716
0.14 -0.71042 -0.54618
0.15 -0.78997 -0.40965
0.16 -0.84346 -0.26225
0.17 -0.86956 -0.10892
0.18 -0.86791 0.045269
0.19 -0.83908 0.19533
0.2 -0.78451 0.33651
0.21 -0.70648 0.46444
0.22 -0.60798 0.57531
0.23 -0.49261 0.66593
0.24 -0.36444 0.73388
0.25 -0.22786 0.77751
0.26 -0.087417 0.79604
0.27 0.052333 0.7895
0.28 0.18698 0.75875
0.29 0.31241 0.70542
0.3 0.4249 0.63179
0.31 0.5213 0.54077
0.32 0.59902 0.43572
0.33 0.6562 0.32034
0.34 0.69166 0.19856
0.35 0.70496 0.074377
0.36 0.6964 -0.048259
0.37 0.66695 -0.16558
0.38 0.61822 -0.27413
0.39 0.55235 -0.37083
0.4 0.47198 -0.4531
0.41 0.38008 -0.51891
0.42 0.27991 -0.5668
0.43 0.17484 -0.59596
0.44 0.068273 -0.60617
0.45 -0.036465 -0.59783
0.46 -0.13624 -0.57189
0.47 -0.2282 -0.52982
0.48 -0.30983 -0.47353
0.49 -0.37907 -0.4053
0.5 -0.4343 -0.32768
0.51 -0.47441 -0.2434
0.52 -0.49882 -0.15529
0.53 -0.50742 -0.066189
0.54 -0.50064 0.021182
0.55 -0.47932 0.10425
0.56 -0.44475 0.18071
0.57 -0.39853 0.24854
0.58 -0.34258 0.30607
0.59 -0.279 0.35205
0.6 -0.21005 0.38562
0.61 -0.13804 0.40632
0.62 -0.06527 0.41415
0.63 0.0060515 0.40946
0.64 0.07386 0.39298
0.65 0.1363 0.36576
0.66 0.19176 0.32914
0.67 0.23894 0.28466
0.68 0.27682 0.23403
0.69 0.30475 0.17906
0.7 0.32239 0.1216
0.71 0.32973 0.063496
0.72 0.32709 0.0064937
0.73 0.31505 -0.047766
0.74 0.29445 -0.097816
0.75 0.26637 -0.14239
0.76 0.23202 -0.18046
0.77 0.19276 -0.21124
0.78 0.15001 -0.23422
0.79 0.10524 -0.24913
0.8 0.059877 -0.25598
0.81 0.0153 -0.25501
0.82 -0.027216 -0.24669
0.83 -0.066529 -0.23168
0.84 -0.10166 -0.2108
0.85 -0.1318 -0.18501
0.86 -0.15636 -0.15536
0.87 -0.17494 -0.12294
0.88 -0.18733 -0.088893
0.89 -0.19354 -0.05431
0.9 -0.19376 -0.02025
0.91 -0.18834 0.012311
0.92 -0.1778 0.0425
0.93 -0.16275 0.069572
0.94 -0.14394 0.092919
0.95 -0.12214 0.11208
0.96 -0.098205 0.12677
0.97 -0.07297 0.13682
0.98 -0.047271 0.14225
0.99 -0.021898 0.14318
  1 0.0024173 0.13991
1.01 0.025025 0.13279
1.02 0.045369 0.1223
1.03 0.063001 0.10899
1.04 0.077583 0.093433
1.05 0.088893 0.076252
1.06 0.096825 0.058071
1.07 0.10138 0.0395
1.08 0.10267 0.021117
1.09 0.10088 0.0034561
1.1 0.096294 -0.013012
1.11 0.089253 -0.027884
1.12 0.080145 -0.040838
1.13 0.069397 -0.05163
1.14 0.05745 -0.060103
1.15 0.044753 -0.066181
1.16 0.031738 -0.069868
1.17 0.018819 -0.071239
1.18 0.0063721 -0.070433
1.19 -0.0052702 -0.067648
1.2 -0.015826 -0.063123
1.21 -0.025067 -0.057132
1.22 -0.032827 -0.049974
1.23 -0.038995 -0.041955
1.24 -0.043519 -0.033386
1.25 -0.046403 -0.024567
1.26 -0.047697 -0.015782
1.27 -0.047498 -0.0072883
1.28 -0.04594 0.00068573
1.29 -0.043187 0.0079481
1.3 -0.039424 0.014345
1.31 -0.034851 0.019762
1.32 -0.029677 0.024126
1.33 -0.024108 0.0274
1.34 -0.018346 0.029586
1.35 -0.012579 0.030718
1.36 -0.0069778 0.030858
1.37 -0.0016942 0.030095
1.38 0.003145 0.028534
1.39 0.0074383 0.026297
1.4 0.01111 0.023514
1.41 0.014111 0.020319
1.42 0.016417 0.016847
1.43 0.018027 0.013227
1.44 0.018961 0.0095798
1.45 0.019258 0.0060167
1.46 0.018973 0.0026341
1.47 0.018172 -0.00048624
1.48 0.01693 -0.0032788
1.49 0.015329 -0.0056945
1.5 0.013453 -0.0077008
1.51 0.011384 -0.0092807
1.52 0.0092042 -0.010432
1.53 0.0069884 -0.011165
1.54 0.0048054 -0.011504
1.55 0.0027159 -0.011478
1.56 0.00077086 -0.011128
1.57 -0.00098815 -0.010499
1.58 -0.0025298 -0.0096395
1.59 -0.0038328 -0.0085991
1.6 -0.004885 -0.0074281
1.61 -0.0056835 -0.0061749
1.62 -0.006233 -0.004885
1.63 -0.0065452 -0.0036001
1.64 -0.0066376 -0.0023569
1.65 -0.0065323 -0.0011868
1.66 -0.0062547 -0.00011536
1.67 -0.0058325 0.00083764
1.68 -0.0052944 0.0016582
1.69 -0.0046694 0.0023379
1.7 -0.0039854 0.0028735
1.71 -0.0032692 0.0032663
1.72 -0.002545 0.0035217
1.73 -0.0018347 0.0036486
1.74 -0.0011569 0.0036585
1.75 -0.00052728 0.0035652
1.76 4.1961E-05 0.0033836
1.77 0.00054178 0.0031295
1.78 0.00096631 0.002819
1.79 0.0013126 0.0024677
1.8 0.0015803 0.0020907
1.81 0.0017714 0.0017019
1.82 0.00189 0.0013137
1.83 0.0019417 0.00093718
1.84 0.0019333 0.00058145
1.85 0.0018726 0.00025403
1.86 0.0017679 -3.9392E-05
1.87 0.0016277 -0.00029481
1.88 0.0014605 -0.00050983
1.89 0.0012744 -0.00068354
1.9 0.001077 -0.00081634
1.91 0.00087547 -0.00090976
1.92 0.00067586 -0.00096625
1.93 0.00048357 -0.00098901
1.94 0.00030303 -0.0009818
1.95 0.00013775 -0.00094875
1.96 -9.6427E-06 -0.00089416
1.97 -0.0001374 -0.0008224
1.98 -0.00024455 -0.00073774
1.99 -0.00033085 -0.00064426
  2 -0.00039668 -0.00054574
2.01 -0.00044296 -0.00044558
2.02 -0.00047103 -0.0003468
2.03 -0.00048256 -0.00025194
2.04 -0.00047949 -0.0001631
2.05 -0.00046389 -8.1928E-05
2.06 -0.00043789 -9.6122E-06
2.07 -0.00040365 5.3062E-05
2.08 -0.00036324 0.00010569
2.09 -0.00031863 0.00014822
2.1 -0.00027163 0.00018086
2.11 -0.00022387 0.00020411
2.12 -0.00017677 0.00021863
2.13 -0.00013153 0.00022526
2.14 -8.9124E-05 0.00022491
2.15 -5.0322E-05 0.00021859
2.16 -1.5674E-05 0.00020731
2.17 1.4462E-05 0.0001921
2.18 3.9907E-05 0.00017393
2.19 6.0638E-05 0.00015371
2.2 7.6767E-05 0.00013231
2.21 8.8518E-05 0.00011047
2.22 9.6206E-05 8.8848E-05
2.23 0.00010021 6.8011E-05
2.24 0.00010097 4.8408E-05
2.25 9.8923E-05 3.0392E-05
2.26 9.4551E-05 1.4221E-05
2.27 8.8312E-05 6.0821E-08
2.28 8.0653E-05 -1.2E-05
2.29 7.1994E-05 -2.1947E-05
2.3 6.2718E-05 -2.9825E-05
2.31 5.317E-05 -3.5731E-05
2.32 4.3651E-05 -3.98E-05
2.33 3.4414E-05 -4.2199E-05
2.34 2.5666E-05 -4.3117E-05
2.35 1.7571E-05 -4.2754E-05
2.36 1.0248E-05 -4.1314E-05
2.37 3.7774E-06 -3.9003E-05
2.38 -1.7965E-06 -3.6016E-05
2.39 -6.4614E-06 -3.2538E-05
2.4 -1.0232E-05 -2.874E-05
2.41 -1.3144E-05 -2.4775E-05
2.42 -1.5254E-05 -2.0774E-05
2.43 -1.6631E-05 -1.6853E-05
2.44 -1.7351E-05 -1.3105E-05
2.45 -1.7499E-05 -9.6037E-06
2.46 -1.7162E-05 -6.4047E-06
2.47 -1.6426E-05 -3.5464E-06
2.48 -1.5375E-05 -1.0518E-06
2.49 -1.4086E-05 1.07E-06
2.5 -1.2634E-05 2.8216E-06
2.51 -1.1084E-05 4.2155E-06
2.52 -9.4938E-06 5.2718E-06
2.53 -7.9124E-06 6.017E-06
2.54 -6.3813E-06 6.4816E-06
2.55 -4.9337E-06 6.6992E-06
2.56 -3.5948E-06 6.7045E-06
2.57 -2.383E-06 6.5322E-06
2.58 -1.3097E-06 6.2166E-06
2.59 -3.8104E-07 5.79E-06
2.6 4.0216E-07 5.2823E-06
2.61 1.0431E-06 4.721E-06
2.62 1.5485E-06 4.1301E-06
2.63 1.9274E-06 3.5305E-06
2.64 2.1913E-06 2.94E-06
2.65 2.3524E-06 2.373E-06
2.66 2.424E-06 1.8406E-06
2.67 2.4195E-06 1.3514E-06
2.68 2.3521E-06 9.1105E-07
2.69 2.2345E-06 5.2307E-07
2.7 2.0786E-06 1.8883E-07
2.71 1.8952E-06 -9.2006E-08
2.72 1.6941E-06 -3.2118E-07
2.73 1.4838E-06 -5.0157E-07
2.74 1.2716E-06 -6.3689E-07
2.75 1.0635E-06 -7.3144E-07
2.76 8.6455E-07 -7.8991E-07
2.77 6.7837E-07 -8.1713E-07
2.78 5.0774E-07 -8.1794E-07
2.79 3.5448E-07 -7.9708E-07
2.8 2.1961E-07 -7.5899E-07
2.81 1.0344E-07 -7.0783E-07
2.82 5.7164E-09 -6.4735E-07
2.83 -7.4269E-08 -5.8088E-07
2.84 -1.376E-07 -5.1131E-07
2.85 -1.8562E-07 -4.411E-07
2.86 -2.1986E-07 -3.7227E-07
2.87 -2.4193E-07 -3.0642E-07
2.88 -2.5351E-07 -2.4479E-07
2.89 -2.5623E-07 -1.8825E-07
2.9 -2.5168E-07 -1.3738E-07
2.91 -2.4135E-07 -9.2505E-08
2.92 -2.2662E-07 -5.3697E-08
2.93 -2.0871E-07 -2.0863E-08
2.94 -1.8872E-07 6.2452E-09
2.95 -1.6759E-07 2.7986E-08
2.96 -1.461E-07 4.48E-08
2.97 -1.2492E-07 5.7179E-08
2.98 -1.0456E-07 6.5646E-08
2.99 -8.5406E-08 7.0731E-08
  3 -6.7748E-08 7.2954E-08
3.01 -5.1771E-08 7.2817E-08
3.02 -3.758E-08 7.0786E-08
3.03 -2.5207E-08 6.7289E-08
3.04 -1.4627E-08 6.2713E-08
3.05 -5.772E-09 5.7396E-08
3.06 1.4624E-09 5.163E-08
3.07 7.2045E-09 4.5662E-08
3.08 1.1598E-08 3.9693E-08
3.09 1.4797E-08 3.3887E-08
3.1 1.6956E-08 2.8368E-08
3.11 1.8227E-08 2.3227E-08
3.12 1.8758E-08 1.8526E-08
3.13 1.8686E-08 1.4303E-08
3.14 1.8136E-08 1.0574E-08
3.15 1.7223E-08 7.3388E-09
3.16 1.6046E-08 4.5821E-09
3.17 1.4691E-08 2.2795E-09
3.18 1.3234E-08 3.9867E-10
3.19 1.1734E-08 -1.0977E-09
3.2 1.0241E-08 -2.2499E-09
3.21 8.7949E-09 -3.0991E-09
3.22 7.4242E-09 -3.6866E-09
3.23 6.1501E-09 -4.052E-09
3.24 4.9867E-09 -4.2327E-09
3.25 3.9418E-09 -4.2633E-09
3.26 3.0182E-09 -4.1753E-09
3.27 2.2148E-09 -3.9966E-09
3.28 1.5274E-09 -3.7516E-09
3.29 9.4941E-10 -3.4614E-09
3.3 4.7266E-10 -3.1436E-09
3.31 8.7946E-11 -2.8129E-09
3.32 -2.1451E-10 -2.4811E-09
3.33 -4.4463E-10 -2.1574E-09
3.34 -6.1216E-10 -1.8487E-09
3.35 -7.2643E-10 -1.5601E-09
3.36 -7.962E-10 -1.2949E-09
3.37 -8.295E-10 -1.055E-09
3.38 -8.3361E-10 -8.4136E-10
3.39 -8.1496E-10 -6.5375E-10
3.4 -7.7919E-10 -4.914E-10
3.41 -7.3114E-10 -3.5298E-10
3.42 -6.7489E-10 -2.368E-10
3.43 -6.1383E-10 -1.4093E-10
3.44 -5.507E-10 -6.3322E-11
3.45 -4.8769E-10 -1.8794E-12
3.46 -4.2646E-10 4.5456E-11
3.47 -3.6827E-10 8.0663E-11
3.48 -3.1397E-10 1.056E-10
3.49 -2.6412E-10 1.2199E-10
3.5 -2.1903E-10 1.3137E-10
3.51 -1.7881E-10 1.3514E-10
3.52 -1.434E-10 1.3451E-10
3.53 -1.1261E-10 1.3053E-10
3.54 -8.6179E-11 1.2411E-10
3.55 -6.3792E-11 1.16E-10
3.56 -4.5086E-11 1.0681E-10
3.57 -2.9685E-11 9.7061E-11
3.58 -1.7211E-11 8.7141E-11
3.59 -7.295E-12 7.7361E-11
3.6 4.1326E-13 6.7951E-11
3.61 6.2416E-12 5.9074E-11
3.62 1.049E-11 5.0841E-11
3.63 1.3431E-11 4.3315E-11
3.64 1.5305E-11 3.6528E-11
3.65 1.6326E-11 3.048E-11
3.66 1.6676E-11 2.5152E-11
3.67 1.6512E-11 2.0511E-11
3.68 1.5969E-11 1.6511E-11
3.69 1.5156E-11 1.31E-11
3.7 1.4163E-11 1.0223E-11
3.71 1.3065E-11 7.8248E-12
3.72 1.1919E-11 5.8481E-12
3.73 1.077E-11 4.2402E-12
3.74 9.6516E-12 2.9508E-12
3.75 8.5884E-12 1.9319E-12
3.76 7.5973E-12 1.1417E-12
3.77 6.6887E-12 5.419E-13
3.78 5.8678E-12 9.7792E-14
3.79 5.1366E-12 -2.2154E-13
3.8 4.4932E-12 -4.4094E-13
3.81 3.9345E-12 -5.8392E-13
3.82 3.4542E-12 -6.6853E-13
3.83 3.0466E-12 -7.125E-13
3.84 2.7041E-12 -7.271E-13
3.85 2.4199E-12 -7.2428E-13
3.86 2.1854E-12 -7.1188E-13
3.87 1.9941E-12 -6.9683E-13
3.88 1.8387E-12 -6.8428E-13
3.89 1.7121E-12 -6.772E-13
3.9 1.6089E-12 -6.783E-13
3.91 1.5236E-12 -6.8821E-13
3.92 1.4512E-12 -7.081E-13
3.93 1.3868E-12 -7.3711E-13
3.94 1.3276E-12 -7.7508E-13
3.95 1.2701E-12 -8.217E-13
3.96 1.2122E-12 -8.7365E-13
3.97 1.1516E-12 -9.3152E-13
3.98 1.0867E-12 -9.9242E-13
3.99 1.0164E-12 -1.0553E-12
  4 9.4052E-13 -1.1179E-12
4.01 8.5771E-13 -1.1795E-12
4.02 7.6875E-13 -1.2387E-12
4.03 6.732E-13 -1.2938E-12
4.04 5.7132E-13 -1.3436E-12
4.05 4.6311E-13 -1.3877E-12
4.06 3.5053E-13 -1.4242E-12
4.07 2.3291E-13 -1.4531E-12
4.08 1.1099E-13 -1.4732E-12
4.09 -1.4102E-14 -1.4835E-12
4.1 -1.4168E-13 -1.4846E-12
4.11 -2.7138E-13 -1.4751E-12
4.12 -4.014E-13 -1.4547E-12
4.13 -5.3175E-13 -1.4237E-12
4.14 -6.6124E-13 -1.3804E-12
4.15 -7.8831E-13 -1.3256E-12
4.16 -9.1298E-13 -1.2597E-12
4.17 -1.0329E-12 -1.181E-12
4.18 -1.1478E-12 -1.0913E-12
4.19 -1.2566E-12 -9.8935E-13
4.2 -1.3568E-12 -8.7595E-13
4.21 -1.4486E-12 -7.5111E-13
4.22 -1.5296E-12 -6.1548E-13
4.23 -1.5975E-12 -4.7031E-13
4.24 -1.6535E-12 -3.1605E-13
4.25 -1.6943E-12 -1.5452E-13
4.26 -1.719E-12 1.4153E-14
4.27 -1.726E-12 1.8815E-13
4.28 -1.7156E-12 3.6466E-13
4.29 -1.6859E-12 5.425E-13
4.3 -1.6364E-12 7.1956E-13
4.31 -1.5671E-12 8.9266E-13
4.32 -1.4774E-12 1.0603E-12
4.33 -1.3679E-12 1.2192E-12
4.34 -1.2403E-12 1.3669E-12
4.35 -1.0942E-12 1.5002E-12
4.36 -9.3101E-13 1.6173E-12
4.37 -7.545E-13 1.7158E-12
4.38 -5.6576E-13 1.7942E-12
4.39 -3.6747E-13 1.8494E-12
4.4 -1.6286E-13 1.8813E-12
4.41 4.4711E-14 1.8881E-12
4.42 2.5157E-13 1.8694E-12
4.43 4.5524E-13 1.8267E-12
4.44 6.5182E-13 1.7601E-12
4.45 8.3862E-13 1.6702E-12
4.46 1.0117E-12 1.5587E-12
4.47 1.1695E-12 1.4279E-12
4.48 1.3087E-12 1.2801E-12
4.49 1.4284E-12 1.118E-12
4.5 1.5263E-12 9.462E-13
4.51 1.6012E-12 7.6584E-13
4.52 1.6545E-12 5.8048E-13
4.53 1.6849E-12 3.9341E-13
4.54 1.6925E-12 2.0756E-13
4.55 1.6794E-12 2.5764E-14
4.56 1.6454E-12 -1.4953E-13
4.57 1.5935E-12 -3.1536E-13
4.58 1.5241E-12 -4.7118E-13
4.59 1.4402E-12 -6.1384E-13
4.6 1.3439E-12 -7.4372E-13
4.61 1.2368E-12 -8.5888E-13
4.62 1.1211E-12 -9.5885E-13
4.63 9.9922E-13 -1.0437E-12
4.64 8.7307E-13 -1.1124E-12
4.65 7.4509E-13 -1.1674E-12
4.66 6.1553E-13 -1.207E-12
4.67 4.8695E-13 -1.2332E-12
4.68 3.6061E-13 -1.2449E-12
4.69 2.3771E-13 -1.2459E-12
4.7 1.1918E-13 -1.2345E-12
4.71 6.1757E-15 -1.2133E-12
4.72 -1.0096E-13 -1.1826E-12
4.73 -2.0141E-13 -1.1435E-12
4.74 -2.9528E-13 -1.0982E-12
4.75 -3.8209E-13 -1.0455E-12
4.76 -4.6145E-13 -9.8792E-13
4.77 -5.3319E-13 -9.2558E-13
4.78 -5.9773E-13 -8.5963E-13
4.79 -6.5533E-13 -7.9091E-13
4.8 -7.0529E-13 -7.1938E-13
4.81 -7.4866E-13 -6.4727E-13
4.82 -7.8501E-13 -5.7266E-13
4.83 -8.1532E-13 -4.9813E-13
4.84 -8.3881E-13 -4.2312E-13
4.85 -8.5669E-13 -3.4901E-13
4.86 -8.6841E-13 -2.748E-13
4.87 -8.7478E-13 -2.019E-13
4.88 -8.7647E-13 -1.299E-13
4.89 -8.7241E-13 -5.9649E-14
4.9 -8.6391E-13 9.51E-15
4.91 -8.5059E-13 7.673E-14
4.92 -8.3363E-13 1.4182E-13
4.93 -8.1179E-13 2.0491E-13
4.94 -7.86E-13 2.6572E-13
4.95 -7.5598E-13 3.2432E-13
4.96 -7.2281E-13 3.8012E-13
4.97 -6.8574E-13 4.3332E-13
4.98 -6.4517E-13 4.8328E-13
4.99 -6.0137E-13 5.3038E-13
  5 -5.5445E-13 5.7396E-13
5.01 -5.0399E-13 6.1406E-13
5.02 -4.5131E-13 6.5064E-13
5.03 -3.9587E-13 6.829E-13
5.04 -3.376E-13 7.1127E-13
5.05 -2.7761E-13 7.3469E-13
5.06 -2.1494E-13 7.539E-13
5.07 -1.5109E-13 7.6774E-13
5.08 -8.5933E-14 7.7693E-13
5.09 -1.9829E-14 7.8073E-13
5.1 4.6767E-14 7.7905E-13
5.11 1.1331E-13 7.7147E-13
5.12 1.7956E-13 7.5841E-13
5.13 2.4468E-13 7.3959E-13
5.14 3.0836E-13 7.1512E-13
5.15 3.7015E-13 6.8464E-13
5.16 4.2925E-13 6.4827E-13
5.17 4.8528E-13 6.0745E-13
5.18 5.3813E-13 5.6082E-13
5.19 5.8606E-13 5.097E-13
5.2 6.2978E-13 4.5356E-13
5.21 6.6827E-13 3.9368E-13
5.22 7.01E-13 3.2997E-13
5.23 7.2763E-13 2.6305E-13
5.24 7.4782E-13 1.9354E-13
5.25 7.6158E-13 1.2192E-13
5.26 7.6825E-13 4.8793E-14
5.27 7.6707E-13 -2.4532E-14
5.28 7.5889E-13 -9.7965E-14
5.29 7.4354E-13 -1.7045E-13
5.3 7.2086E-13 -2.4077E-13
5.31 6.9009E-13 -3.085E-13
5.32 6.5316E-13 -3.7319E-13
5.33 6.0991E-13 -4.3308E-13
5.34 5.6005E-13 -4.8827E-13
5.35 5.0474E-13 -5.3778E-13
5.36 4.453E-13 -5.8062E-13
5.37 3.8073E-13 -6.1676E-13
5.38 3.1391E-13 -6.4584E-13
5.39 2.449E-13 -6.6719E-13
5.4 1.7446E-13 -6.806E-13
5.41 1.0367E-13 -6.8639E-13
5.42 3.3402E-14 -6.8423E-13
5.43 -3.4959E-14 -6.7458E-13
5.44 -1.0083E-13 -6.5797E-13
5.45 -1.6422E-13 -6.3458E-13
5.46 -2.2331E-13 -6.0451E-13
5.47 -2.7801E-13 -5.6994E-13
5.48 -3.2742E-13 -5.2979E-13
5.49 -3.7182E-13 -4.8528E-13
5.5 -4.103E-13 -4.3756E-13
5.51 -4.4295E-13 -3.8731E-13
5.52 -4.6962E-13 -3.3504E-13
5.53 -4.9013E-13 -2.8094E-13
5.54 -5.0481E-13 -2.2658E-13
5.55 -5.1302E-13 -1.7195E-13
5.56 -5.1585E-13 -1.1828E-13
5.57 -5.1295E-13 -6.5751E-14
5.58 -5.0485E-13 -1.4851E-14
5.59 -4.9182E-13 3.3634E-14
5.6 -4.7431E-13 7.9297E-14
5.61 -4.5266E-13 1.2181E-13
5.62 -4.2742E-13 1.6077E-13
5.63 -3.9883E-13 1.9589E-13
5.64 -3.6756E-13 2.2674E-13
5.65 -3.3458E-13 2.535E-13
5.66 -2.9967E-13 2.7624E-13
5.67 -2.641E-13 2.9416E-13
5.68 -2.279E-13 3.0759E-13
5.69 -1.9192E-13 3.1712E-13
5.7 -1.5632E-13 3.2273E-13
5.71 -1.2194E-13 3.2465E-13
5.72 -8.8878E-14 3.2283E-13
5.73 -5.7482E-14 3.1806E-13
5.74 -2.7908E-14 3.1063E-13
5.75 -5.6373E-16 3.0058E-13
5.76 2.4604E-14 2.8862E-13
5.77 4.726E-14 2.7492E-13
5.78 6.7673E-14 2.5997E-13
5.79 8.5638E-14 2.44E-13
5.8 1.0143E-13 2.2717E-13
5.81 1.1499E-13 2.1021E-13
5.82 1.2625E-13 1.9278E-13
5.83 1.357E-13 1.7562E-13
5.84 1.4325E-13 1.5843E-13
5.85 1.4906E-13 1.4177E-13
5.86 1.5334E-13 1.2532E-13
5.87 1.5624E-13 1.0957E-13
5.88 1.5793E-13 9.4371E-14
5.89 1.5833E-13 8.0021E-14
5.9 1.5783E-13 6.6202E-14
5.91 1.565E-13 5.3062E-14
5.92 1.544E-13 4.0687E-14
5.93 1.5164E-13 2.9116E-14
5.94 1.482E-13 1.8112E-14
5.95 1.4429E-13 7.8276E-15
5.96 1.4003E-13 -1.7713E-15
5.97 1.3524E-13 -1.0715E-14
5.98 1.3017E-13 -1.9077E-14
5.99 1.248E-13 -2.6812E-14
  6 1.1916E-13 -3.3931E-14
