-4.687500e+00 -4.687500e+00 3.137332e-43 3.099497e-43
-4.375000e+00 -4.687500e+00 3.767873e-42 3.741493e-42
-4.062500e+00 -4.687500e+00 2.544147e-41 2.521798e-41
-3.750000e+00 -4.687500e+00 1.178584e-40 1.171063e-40
-3.437500e+00 -4.687500e+00 1.353543e-39 1.344286e-39
-3.125000e+00 -4.687500e+00 1.343761e-38 1.333965e-38
-2.812500e+00 -4.687500e+00 7.762831e-38 7.709284e-38
-2.500000e+00 -4.687500e+00 3.075532e-37 3.055663e-37
-2.187500e+00 -4.687500e+00 9.053484e-37 8.997125e-37
-1.875000e+00 -4.687500e+00 1.985427e-36 1.973259e-36
-1.562500e+00 -4.687500e+00 3.272010e-36 3.252160e-36
-1.250000e+00 -4.687500e+00 4.215807e-36 4.190542e-36
-9.375000e-01 -4.687500e+00 4.490436e-36 4.463971e-36
-6.250000e-01 -4.687500e+00 4.135237e-36 4.111174e-36
-3.125000e-01 -4.687500e+00 3.311652e-36 3.292416e-36
0.000000e+00 -4.687500e+00 2.222474e-36 2.209498e-36
3.125000e-01 -4.687500e+00 1.158575e-36 1.151825e-36
6.250000e-01 -4.687500e+00 4.079815e-37 4.056850e-37
9.375000e-01 -4.687500e+00 6.504235e-38 6.473198e-38
1.250000e+00 -4.687500e+00 5.000782e-40 4.884064e-40
1.562500e+00 -4.687500e+00 3.242785e-38 3.218129e-38
1.875000e+00 -4.687500e+00 5.841168e-38 5.801630e-38
2.187500e+00 -4.687500e+00 5.908983e-38 5.870197e-38
2.500000e+00 -4.687500e+00 4.292228e-38 4.263291e-38
2.812500e+00 -4.687500e+00 2.179762e-38 2.164306e-38
3.125000e+00 -4.687500e+00 7.344990e-39 7.289848e-39
3.437500e+00 -4.687500e+00 1.601498e-39 1.588643e-39
3.750000e+00 -4.687500e+00 2.044224e-40 2.027226e-40
4.062500e+00 -4.687500e+00 1.430285e-41 1.418457e-41
4.375000e+00 -4.687500e+00 8.284283e-43 8.249048e-43
4.687500e+00 -4.687500e+00 5.145176e-44 5.112201e-44
5.000000e+00 -4.687500e+00 7.270724e-45 7.324391e-45

-4.687500e+00 -4.375000e+00 3.767873e-42 3.762044e-42
-4.375000e+00 -4.375000e+00 4.525139e-41 4.540542e-41
-4.062500e+00 -4.375000e+00 3.055469e-40 3.058261e-40
-3.750000e+00 -4.375000e+00 1.415455e-39 1.414363e-39
-3.437500e+00 -4.375000e+00 1.625578e-38 1.624335e-38
-3.125000e+00 -4.375000e+00 1.613830e-37 1.613688e-37
-2.812500e+00 -4.375000e+00 9.323003e-37 9.325055e-37
-2.500000e+00 -4.375000e+00 3.693652e-36 3.695201e-36
-2.187500e+00 -4.375000e+00 1.087305e-35 1.087940e-35
-1.875000e+00 -4.375000e+00 2.384457e-35 2.386080e-35
-1.562500e+00 -4.375000e+00 3.929618e-35 3.932457e-35
-1.250000e+00 -4.375000e+00 5.063098e-35 5.066804e-35
-9.375000e-01 -4.375000e+00 5.392923e-35 5.396860e-35
-6.250000e-01 -4.375000e+00 4.966336e-35 4.969974e-35
-3.125000e-01 -4.375000e+00 3.977227e-35 3.980172e-35
0.000000e+00 -4.375000e+00 2.669147e-35 2.671125e-35
3.125000e-01 -4.375000e+00 1.391426e-35 1.392444e-35
6.250000e-01 -4.375000e+00 4.899775e-36 4.903217e-36
9.375000e-01 -4.375000e+00 7.811455e-37 7.816327e-37
1.250000e+00 -4.375000e+00 6.005838e-39 6.012280e-39
1.562500e+00 -4.375000e+00 3.894519e-37 3.897682e-37
1.875000e+00 -4.375000e+00 7.015124e-37 7.020388e-37
2.187500e+00 -4.375000e+00 7.096569e-37 7.101625e-37
2.500000e+00 -4.375000e+00 5.154879e-37 5.158433e-37
2.812500e+00 -4.375000e+00 2.617850e-37 2.619461e-37
3.125000e+00 -4.375000e+00 8.821184e-38 8.825263e-38
3.437500e+00 -4.375000e+00 1.923367e-38 1.923840e-38
3.750000e+00 -4.375000e+00 2.455071e-39 2.455051e-39
4.062500e+00 -4.375000e+00 1.717744e-40 1.717602e-40
4.375000e+00 -4.375000e+00 9.949256e-42 9.985009e-42
4.687500e+00 -4.375000e+00 6.179252e-43 6.192065e-43
5.000000e+00 -4.375000e+00 8.731992e-44 8.916079e-44

-4.687500e+00 -4.062500e+00 2.544147e-41 2.536221e-41
-4.375000e+00 -4.062500e+00 3.055469e-40 3.060117e-40
-4.062500e+00 -4.062500e+00 2.063117e-39 2.060148e-39
-3.750000e+00 -4.062500e+00 9.557452e-39 9.513370e-39
-3.437500e+00 -4.062500e+00 1.097624e-37 1.093456e-37
-3.125000e+00 -4.062500e+00 1.089692e-36 1.086833e-36
-2.812500e+00 -4.062500e+00 6.295088e-36 6.280157e-36
-2.500000e+00 -4.062500e+00 2.494032e-35 2.488316e-35
-2.187500e+00 -4.062500e+00 7.341713e-35 7.325679e-35
-1.875000e+00 -4.062500e+00 1.610036e-34 1.606643e-34
-1.562500e+00 -4.062500e+00 2.653360e-34 2.647849e-34
-1.250000e+00 -4.062500e+00 3.418711e-34 3.411567e-34
-9.375000e-01 -4.062500e+00 3.641415e-34 3.633652e-34
-6.250000e-01 -4.062500e+00 3.353374e-34 3.346112e-34
-3.125000e-01 -4.062500e+00 2.685508e-34 2.679695e-34
0.000000e+00 -4.062500e+00 1.802264e-34 1.798396e-34
3.125000e-01 -4.062500e+00 9.395199e-35 9.375076e-35
6.250000e-01 -4.062500e+00 3.308431e-35 3.301114e-35
9.375000e-01 -4.062500e+00 5.274459e-36 5.261044e-36
1.250000e+00 -4.062500e+00 4.055268e-38 4.071958e-38
1.562500e+00 -4.062500e+00 2.629661e-36 2.625821e-36
1.875000e+00 -4.062500e+00 4.736760e-36 4.728102e-36
2.187500e+00 -4.062500e+00 4.791753e-36 4.782275e-36
2.500000e+00 -4.062500e+00 3.480683e-36 3.473839e-36
2.812500e+00 -4.062500e+00 1.767627e-36 1.764203e-36
3.125000e+00 -4.062500e+00 5.956249e-37 5.944501e-37
3.437500e+00 -4.062500e+00 1.298698e-37 1.296040e-37
3.750000e+00 -4.062500e+00 1.657716e-38 1.654010e-38
4.062500e+00 -4.062500e+00 1.159857e-39 1.157085e-39
4.375000e+00 -4.062500e+00 6.717947e-41 6.721391e-41
4.687500e+00 -4.062500e+00 4.172361e-42 4.168524e-42
5.000000e+00 -4.062500e+00 5.896025e-43 6.015870e-43

-4.687500e+00 -3.750000e+00 1.178584e-40 1.170770e-40
-4.375000e+00 -3.750000e+00 1.415455e-39 1.413240e-39
-4.062500e+00 -3.750000e+00 9.557452e-39 9.510429e-39
-3.750000e+00 -3.750000e+00 4.427518e-38 4.392609e-38
-3.437500e+00 -3.750000e+00 5.084777e-37 5.057696e-37
-3.125000e+00 -3.750000e+00 5.048030e-36 5.028677e-36
-2.812500e+00 -3.750000e+00 2.916219e-35 2.905788e-35
-2.500000e+00 -3.750000e+00 1.155368e-34 1.151292e-34
-2.187500e+00 -3.750000e+00 3.401071e-34 3.389299e-34
-1.875000e+00 -3.750000e+00 7.458540e-34 7.433089e-34
-1.562500e+00 -3.750000e+00 1.229177e-33 1.225015e-33
-1.250000e+00 -3.750000e+00 1.583728e-33 1.578352e-33
-9.375000e-01 -3.750000e+00 1.686896e-33 1.681080e-33
-6.250000e-01 -3.750000e+00 1.553461e-33 1.548012e-33
-3.125000e-01 -3.750000e+00 1.244070e-33 1.239690e-33
0.000000e+00 -3.750000e+00 8.349042e-34 8.319909e-34
3.125000e-01 -3.750000e+00 4.352354e-34 4.337383e-34
6.250000e-01 -3.750000e+00 1.532641e-34 1.527386e-34
9.375000e-01 -3.750000e+00 2.443409e-35 2.434567e-35
1.250000e+00 -3.750000e+00 1.878615e-37 1.883164e-37
1.562500e+00 -3.750000e+00 1.218199e-35 1.214788e-35
1.875000e+00 -3.750000e+00 2.194318e-35 2.187347e-35
2.187500e+00 -3.750000e+00 2.219794e-35 2.212210e-35
2.500000e+00 -3.750000e+00 1.612437e-35 1.606817e-35
2.812500e+00 -3.750000e+00 8.188587e-36 8.160065e-36
3.125000e+00 -3.750000e+00 2.759250e-36 2.749559e-36
3.437500e+00 -3.750000e+00 6.016256e-37 5.994654e-37
3.750000e+00 -3.750000e+00 7.679418e-38 7.650917e-38
4.062500e+00 -3.750000e+00 5.373071e-39 5.352994e-39
4.375000e+00 -3.750000e+00 3.112109e-40 3.105824e-40
4.687500e+00 -3.750000e+00 1.932859e-41 1.925578e-41
5.000000e+00 -3.750000e+00 2.731351e-42 2.754731e-42

-4.687500e+00 -3.437500e+00 1.353543e-39 1.344085e-39
-4.375000e+00 -3.437500e+00 1.625578e-38 1.624510e-38
-4.062500e+00 -3.437500e+00 1.097624e-37 1.093642e-37
-3.750000e+00 -3.437500e+00 5.084777e-37 5.058271e-37
-3.437500e+00 -3.437500e+00 5.839605e-36 5.822950e-36
-3.125000e+00 -3.437500e+00 5.797403e-35 5.787039e-35
-2.812500e+00 -3.437500e+00 3.349127e-34 3.343751e-34
-2.500000e+00 -3.437500e+00 1.326880e-33 1.324790e-33
-2.187500e+00 -3.437500e+00 3.905955e-33 3.899928e-33
-1.875000e+00 -3.437500e+00 8.565749e-33 8.552697e-33
-1.562500e+00 -3.437500e+00 1.411647e-32 1.409515e-32
-1.250000e+00 -3.437500e+00 1.818830e-32 1.816081e-32
-9.375000e-01 -3.437500e+00 1.937314e-32 1.934322e-32
-6.250000e-01 -3.437500e+00 1.784070e-32 1.781240e-32
-3.125000e-01 -3.437500e+00 1.428750e-32 1.426468e-32
0.000000e+00 -3.437500e+00 9.588445e-33 9.573351e-33
3.125000e-01 -3.437500e+00 4.998455e-33 4.990830e-33
6.250000e-01 -3.437500e+00 1.760159e-33 1.757556e-33
9.375000e-01 -3.437500e+00 2.806129e-34 2.801928e-34
1.250000e+00 -3.437500e+00 2.157493e-36 2.159179e-36
1.562500e+00 -3.437500e+00 1.399038e-34 1.397255e-34
1.875000e+00 -3.437500e+00 2.520061e-34 2.516391e-34
2.187500e+00 -3.437500e+00 2.549319e-34 2.545211e-34
2.500000e+00 -3.437500e+00 1.851801e-34 1.848710e-34
2.812500e+00 -3.437500e+00 9.404171e-35 9.388364e-35
3.125000e+00 -3.437500e+00 3.168857e-35 3.163427e-35
3.437500e+00 -3.437500e+00 6.909360e-36 6.896941e-36
3.750000e+00 -3.437500e+00 8.819417e-37 8.802889e-37
4.062500e+00 -3.437500e+00 6.170696e-38 6.157822e-38
4.375000e+00 -3.437500e+00 3.574097e-39 3.569585e-39
4.687500e+00 -3.437500e+00 2.219789e-40 2.212334e-40
5.000000e+00 -3.437500e+00 3.136816e-41 3.177393e-41

-4.687500e+00 -3.125000e+00 1.343761e-38 1.335366e-38
-4.375000e+00 -3.125000e+00 1.613830e-37 1.614607e-37
-4.062500e+00 -3.125000e+00 1.089692e-36 1.087215e-36
-3.750000e+00 -3.125000e+00 5.048030e-36 5.029700e-36
-3.437500e+00 -3.125000e+00 5.797403e-35 5.787452e-35
-3.125000e+00 -3.125000e+00 5.755506e-34 5.750619e-34
-2.812500e+00 -3.125000e+00 3.324923e-33 3.322512e-33
-2.500000e+00 -3.125000e+00 1.317291e-32 1.316333e-32
-2.187500e+00 -3.125000e+00 3.877727e-32 3.874954e-32
-1.875000e+00 -3.125000e+00 8.503846e-32 8.497822e-32
-1.562500e+00 -3.125000e+00 1.401445e-31 1.400461e-31
-1.250000e+00 -3.125000e+00 1.805686e-31 1.804410e-31
-9.375000e-01 -3.125000e+00 1.923313e-31 1.921901e-31
-6.250000e-01 -3.125000e+00 1.771177e-31 1.769816e-31
-3.125000e-01 -3.125000e+00 1.418424e-31 1.417325e-31
0.000000e+00 -3.125000e+00 9.519151e-32 9.511964e-32
3.125000e-01 -3.125000e+00 4.962332e-32 4.958783e-32
6.250000e-01 -3.125000e+00 1.747439e-32 1.746248e-32
9.375000e-01 -3.125000e+00 2.785850e-33 2.783884e-33
1.250000e+00 -3.125000e+00 2.141901e-35 2.144363e-35
1.562500e+00 -3.125000e+00 1.388928e-33 1.388198e-33
1.875000e+00 -3.125000e+00 2.501849e-33 2.500173e-33
2.187500e+00 -3.125000e+00 2.530895e-33 2.528928e-33
2.500000e+00 -3.125000e+00 1.838418e-33 1.836960e-33
2.812500e+00 -3.125000e+00 9.336208e-34 9.328990e-34
3.125000e+00 -3.125000e+00 3.145956e-34 3.143525e-34
3.437500e+00 -3.125000e+00 6.859427e-35 6.853834e-35
3.750000e+00 -3.125000e+00 8.755680e-36 8.748081e-36
4.062500e+00 -3.125000e+00 6.126101e-37 6.118472e-37
4.375000e+00 -3.125000e+00 3.548268e-38 3.545306e-38
4.687500e+00 -3.125000e+00 2.203747e-39 2.197333e-39
5.000000e+00 -3.125000e+00 3.114147e-40 3.173693e-40

-4.687500e+00 -2.812500e+00 7.762831e-38 7.713116e-38
-4.375000e+00 -2.812500e+00 9.323003e-37 9.327792e-37
-4.062500e+00 -2.812500e+00 6.295088e-36 6.281386e-36
-3.750000e+00 -2.812500e+00 2.916219e-35 2.906245e-35
-3.437500e+00 -2.812500e+00 3.349127e-34 3.343994e-34
-3.125000e+00 -2.812500e+00 3.324923e-33 3.322551e-33
-2.812500e+00 -2.812500e+00 1.920789e-32 1.919625e-32
-2.500000e+00 -2.812500e+00 7.609917e-32 7.605217e-32
-2.187500e+00 -2.812500e+00 2.240141e-31 2.238767e-31
-1.875000e+00 -2.812500e+00 4.912624e-31 4.909615e-31
-1.562500e+00 -2.812500e+00 8.096069e-31 8.091140e-31
-1.250000e+00 -2.812500e+00 1.043134e-30 1.042496e-30
-9.375000e-01 -2.812500e+00 1.111087e-30 1.110377e-30
-6.250000e-01 -2.812500e+00 1.023199e-30 1.022512e-30
-3.125000e-01 -2.812500e+00 8.194158e-31 8.188604e-31
0.000000e+00 -2.812500e+00 5.499160e-31 5.495544e-31
3.125000e-01 -2.812500e+00 2.866711e-31 2.864944e-31
6.250000e-01 -2.812500e+00 1.009485e-31 1.008902e-31
9.375000e-01 -2.812500e+00 1.609370e-32 1.608430e-32
1.250000e+00 -2.812500e+00 1.237364e-34 1.238463e-34
1.562500e+00 -2.812500e+00 8.023757e-33 8.019996e-33
1.875000e+00 -2.812500e+00 1.445304e-32 1.444447e-32
2.187500e+00 -2.812500e+00 1.462084e-32 1.461076e-32
2.500000e+00 -2.812500e+00 1.062044e-32 1.061302e-32
2.812500e+00 -2.812500e+00 5.393475e-33 5.389853e-33
3.125000e+00 -2.812500e+00 1.817401e-33 1.816198e-33
3.437500e+00 -2.812500e+00 3.962653e-34 3.959903e-34
3.750000e+00 -2.812500e+00 5.058107e-35 5.054388e-35
4.062500e+00 -2.812500e+00 3.539014e-36 3.534931e-36
4.375000e+00 -2.812500e+00 2.049814e-37 2.047794e-37
4.687500e+00 -2.812500e+00 1.273092e-38 1.269194e-38
5.000000e+00 -2.812500e+00 1.799025e-39 1.835204e-39

-4.687500e+00 -2.500000e+00 3.075532e-37 3.055120e-37
-4.375000e+00 -2.500000e+00 3.693652e-36 3.695116e-36
-4.062500e+00 -2.500000e+00 2.494032e-35 2.488384e-35
-3.750000e+00 -2.500000e+00 1.155368e-34 1.151384e-34
-3.437500e+00 -2.500000e+00 1.326880e-33 1.324849e-33
-3.125000e+00 -2.500000e+00 1.317291e-32 1.316339e-32
-2.812500e+00 -2.500000e+00 7.609917e-32 7.605196e-32
-2.500000e+00 -2.500000e+00 3.014949e-31 3.013037e-31
-2.187500e+00 -2.500000e+00 8.875146e-31 8.869523e-31
-1.875000e+00 -2.500000e+00 1.946317e-30 1.945081e-30
-1.562500e+00 -2.500000e+00 3.207557e-30 3.205530e-30
-1.250000e+00 -2.500000e+00 4.132762e-30 4.130137e-30
-9.375000e-01 -2.500000e+00 4.401982e-30 4.399072e-30
-6.250000e-01 -2.500000e+00 4.053780e-30 4.050969e-30
-3.125000e-01 -2.500000e+00 3.246418e-30 3.244146e-30
0.000000e+00 -2.500000e+00 2.178695e-30 2.177216e-30
3.125000e-01 -2.500000e+00 1.135753e-30 1.135031e-30
6.250000e-01 -2.500000e+00 3.999449e-31 3.997078e-31
9.375000e-01 -2.500000e+00 6.376113e-32 6.372381e-32
1.250000e+00 -2.500000e+00 4.902275e-34 4.905541e-34
1.562500e+00 -2.500000e+00 3.178908e-32 3.177285e-32
1.875000e+00 -2.500000e+00 5.726107e-32 5.722528e-32
2.187500e+00 -2.500000e+00 5.792586e-32 5.788420e-32
2.500000e+00 -2.500000e+00 4.207678e-32 4.204615e-32
2.812500e+00 -2.500000e+00 2.136824e-32 2.135328e-32
3.125000e+00 -2.500000e+00 7.200306e-33 7.195358e-33
3.437500e+00 -2.500000e+00 1.569951e-33 1.568825e-33
3.750000e+00 -2.500000e+00 2.003956e-34 2.002444e-34
4.062500e+00 -2.500000e+00 1.402111e-35 1.400453e-35
4.375000e+00 -2.500000e+00 8.121096e-37 8.111779e-37
4.687500e+00 -2.500000e+00 5.043824e-38 5.027551e-38
5.000000e+00 -2.500000e+00 7.127503e-39 7.270751e-39

-4.687500e+00 -2.187500e+00 9.053484e-37 8.992797e-37
-4.375000e+00 -2.187500e+00 1.087305e-35 1.087740e-35
-4.062500e+00 -2.187500e+00 7.341713e-35 7.325290e-35
-3.750000e+00 -2.187500e+00 3.401071e-34 3.389406e-34
-3.437500e+00 -2.187500e+00 3.905955e-33 3.900021e-33
-3.125000e+00 -2.187500e+00 3.877727e-32 3.874963e-32
-2.812500e+00 -2.187500e+00 2.240141e-31 2.238764e-31
-2.500000e+00 -2.187500e+00 8.875146e-31 8.869530e-31
-2.187500e+00 -2.187500e+00 2.612588e-30 2.610930e-30
-1.875000e+00 -2.187500e+00 5.729400e-30 5.725748e-30
-1.562500e+00 -2.187500e+00 9.442126e-30 9.436131e-30
-1.250000e+00 -2.187500e+00 1.216567e-29 1.215790e-29
-9.375000e-01 -2.187500e+00 1.295817e-29 1.294956e-29
-6.250000e-01 -2.187500e+00 1.193316e-29 1.192484e-29
-3.125000e-01 -2.187500e+00 9.556524e-30 9.549797e-30
0.000000e+00 -2.187500e+00 6.413454e-30 6.409077e-30
3.125000e-01 -2.187500e+00 3.343332e-30 3.341196e-30
6.250000e-01 -2.187500e+00 1.177323e-30 1.176622e-30
9.375000e-01 -2.187500e+00 1.876945e-31 1.875839e-31
1.250000e+00 -2.187500e+00 1.443089e-33 1.444097e-33
1.562500e+00 -2.187500e+00 9.357792e-32 9.353012e-32
1.875000e+00 -2.187500e+00 1.685601e-31 1.684545e-31
2.187500e+00 -2.187500e+00 1.705171e-31 1.703943e-31
2.500000e+00 -2.187500e+00 1.238620e-31 1.237721e-31
2.812500e+00 -2.187500e+00 6.290197e-32 6.285837e-32
3.125000e+00 -2.187500e+00 2.119563e-32 2.118133e-32
3.437500e+00 -2.187500e+00 4.621486e-33 4.618253e-33
3.750000e+00 -2.187500e+00 5.899071e-34 5.894739e-34
4.062500e+00 -2.187500e+00 4.127413e-35 4.122561e-35
4.375000e+00 -2.187500e+00 2.390618e-36 2.387689e-36
4.687500e+00 -2.187500e+00 1.484757e-37 1.479868e-37
5.000000e+00 -2.187500e+00 2.098132e-38 2.141086e-38

-4.687500e+00 -1.875000e+00 1.985427e-36 1.972126e-36
-4.375000e+00 -1.875000e+00 2.384457e-35 2.385486e-35
-4.062500e+00 -1.875000e+00 1.610036e-34 1.606504e-34
-3.750000e+00 -1.875000e+00 7.458540e-34 7.433094e-34
-3.437500e+00 -1.875000e+00 8.565749e-33 8.552771e-33
-3.125000e+00 -1.875000e+00 8.503846e-32 8.497832e-32
-2.812500e+00 -1.875000e+00 4.912624e-31 4.909617e-31
-2.500000e+00 -1.875000e+00 1.946317e-30 1.945085e-30
-2.187500e+00 -1.875000e+00 5.729400e-30 5.725755e-30
-1.875000e+00 -1.875000e+00 1.256456e-29 1.255653e-29
-1.562500e+00 -1.875000e+00 2.070656e-29 2.069336e-29
-1.250000e+00 -1.875000e+00 2.667928e-29 2.666217e-29
-9.375000e-01 -1.875000e+00 2.841724e-29 2.839825e-29
-6.250000e-01 -1.875000e+00 2.616940e-29 2.615105e-29
-3.125000e-01 -1.875000e+00 2.095743e-29 2.094261e-29
0.000000e+00 -1.875000e+00 1.406469e-29 1.405505e-29
3.125000e-01 -1.875000e+00 7.331919e-30 7.327212e-30
6.250000e-01 -1.875000e+00 2.581867e-30 2.580317e-30
9.375000e-01 -1.875000e+00 4.116135e-31 4.113670e-31
1.250000e+00 -1.875000e+00 3.164691e-33 3.167184e-33
1.562500e+00 -1.875000e+00 2.052161e-31 2.051125e-31
1.875000e+00 -1.875000e+00 3.696520e-31 3.694210e-31
2.187500e+00 -1.875000e+00 3.739436e-31 3.736749e-31
2.500000e+00 -1.875000e+00 2.716290e-31 2.714331e-31
2.812500e+00 -1.875000e+00 1.379439e-31 1.378494e-31
3.125000e+00 -1.875000e+00 4.648197e-32 4.645118e-32
3.437500e+00 -1.875000e+00 1.013491e-32 1.012798e-32
3.750000e+00 -1.875000e+00 1.293665e-33 1.292737e-33
4.062500e+00 -1.875000e+00 9.051405e-35 9.040846e-35
4.375000e+00 -1.875000e+00 5.242619e-36 5.236047e-36
4.687500e+00 -1.875000e+00 3.256069e-37 3.245287e-37
5.000000e+00 -1.875000e+00 4.601199e-38 4.696903e-38

-4.687500e+00 -1.562500e+00 3.272010e-36 3.250158e-36
-4.375000e+00 -1.562500e+00 3.929618e-35 3.931369e-35
-4.062500e+00 -1.562500e+00 2.653360e-34 2.647570e-34
-3.750000e+00 -1.562500e+00 1.229177e-33 1.224984e-33
-3.437500e+00 -1.562500e+00 1.411647e-32 1.409505e-32
-3.125000e+00 -1.562500e+00 1.401445e-31 1.400455e-31
-2.812500e+00 -1.562500e+00 8.096069e-31 8.091125e-31
-2.500000e+00 -1.562500e+00 3.207557e-30 3.205531e-30
-2.187500e+00 -1.562500e+00 9.442126e-30 9.436137e-30
-1.875000e+00 -1.562500e+00 2.070656e-29 2.069336e-29
-1.562500e+00 -1.562500e+00 3.412469e-29 3.410301e-29
-1.250000e+00 -1.562500e+00 4.396780e-29 4.393969e-29
-9.375000e-01 -1.562500e+00 4.683198e-29 4.680077e-29
-6.250000e-01 -1.562500e+00 4.312752e-29 4.309734e-29
-3.125000e-01 -1.562500e+00 3.453813e-29 3.451375e-29
0.000000e+00 -1.562500e+00 2.317879e-29 2.316294e-29
3.125000e-01 -1.562500e+00 1.208310e-29 1.207536e-29
6.250000e-01 -1.562500e+00 4.254950e-30 4.252399e-30
9.375000e-01 -1.562500e+00 6.783445e-31 6.779366e-31
1.250000e+00 -1.562500e+00 5.215452e-33 5.219830e-33
1.562500e+00 -1.562500e+00 3.381989e-31 3.380304e-31
1.875000e+00 -1.562500e+00 6.091914e-31 6.088132e-31
2.187500e+00 -1.562500e+00 6.162640e-31 6.158234e-31
2.500000e+00 -1.562500e+00 4.476482e-31 4.473270e-31
2.812500e+00 -1.562500e+00 2.273333e-31 2.271785e-31
3.125000e+00 -1.562500e+00 7.660291e-32 7.655247e-32
3.437500e+00 -1.562500e+00 1.670246e-32 1.669112e-32
3.750000e+00 -1.562500e+00 2.131977e-33 2.130456e-33
4.062500e+00 -1.562500e+00 1.491684e-34 1.489951e-34
4.375000e+00 -1.562500e+00 8.639905e-36 8.629229e-36
4.687500e+00 -1.562500e+00 5.366045e-37 5.348380e-37
5.000000e+00 -1.562500e+00 7.582837e-38 7.740480e-38

-4.687500e+00 -1.250000e+00 4.215807e-36 4.187804e-36
-4.375000e+00 -1.250000e+00 5.063098e-35 5.065330e-35
-4.062500e+00 -1.250000e+00 3.418711e-34 3.411173e-34
-3.750000e+00 -1.250000e+00 1.583728e-33 1.578278e-33
-3.437500e+00 -1.250000e+00 1.818830e-32 1.816035e-32
-3.125000e+00 -1.250000e+00 1.805686e-31 1.804387e-31
-2.812500e+00 -1.250000e+00 1.043134e-30 1.042488e-30
-2.500000e+00 -1.250000e+00 4.132762e-30 4.130124e-30
-2.187500e+00 -1.250000e+00 1.216567e-29 1.215789e-29
-1.875000e+00 -1.250000e+00 2.667928e-29 2.666217e-29
-1.562500e+00 -1.250000e+00 4.396780e-29 4.393972e-29
-1.250000e+00 -1.250000e+00 5.665012e-29 5.661370e-29
-9.375000e-01 -1.250000e+00 6.034046e-29 6.030004e-29
-6.250000e-01 -1.250000e+00 5.556746e-29 5.552838e-29
-3.125000e-01 -1.250000e+00 4.450050e-29 4.446892e-29
0.000000e+00 -1.250000e+00 2.986461e-29 2.984407e-29
3.125000e-01 -1.250000e+00 1.556842e-29 1.555837e-29
6.250000e-01 -1.250000e+00 5.482272e-30 5.478956e-30
9.375000e-01 -1.250000e+00 8.740100e-31 8.734777e-31
1.250000e+00 -1.250000e+00 6.719826e-33 6.725716e-33
1.562500e+00 -1.250000e+00 4.357509e-31 4.355342e-31
1.875000e+00 -1.250000e+00 7.849099e-31 7.844214e-31
2.187500e+00 -1.250000e+00 7.940226e-31 7.934523e-31
2.500000e+00 -1.250000e+00 5.767703e-31 5.763534e-31
2.812500e+00 -1.250000e+00 2.929066e-31 2.927048e-31
3.125000e+00 -1.250000e+00 9.869868e-32 9.863258e-32
3.437500e+00 -1.250000e+00 2.152021e-32 2.150529e-32
3.750000e+00 -1.250000e+00 2.746936e-33 2.744931e-33
4.062500e+00 -1.250000e+00 1.921953e-34 1.919709e-34
4.375000e+00 -1.250000e+00 1.113205e-35 1.111888e-35
4.687500e+00 -1.250000e+00 6.913856e-37 6.891435e-37
5.000000e+00 -1.250000e+00 9.770073e-38 9.969884e-38

-4.687500e+00 -9.375000e-01 4.490436e-36 4.460902e-36
-4.375000e+00 -9.375000e-01 5.392923e-35 5.395231e-35
-4.062500e+00 -9.375000e-01 3.641415e-34 3.633218e-34
-3.750000e+00 -9.375000e-01 1.686896e-33 1.680971e-33
-3.437500e+00 -9.375000e-01 1.937314e-32 1.934240e-32
-3.125000e+00 -9.375000e-01 1.923313e-31 1.921860e-31
-2.812500e+00 -9.375000e-01 1.111087e-30 1.110363e-30
-2.500000e+00 -9.375000e-01 4.401982e-30 4.399041e-30
-2.187500e+00 -9.375000e-01 1.295817e-29 1.294953e-29
-1.875000e+00 -9.375000e-01 2.841724e-29 2.839827e-29
-1.562500e+00 -9.375000e-01 4.683198e-29 4.680087e-29
-1.250000e+00 -9.375000e-01 6.034046e-29 6.030012e-29
-9.375000e-01 -9.375000e-01 6.427121e-29 6.422647e-29
-6.250000e-01 -9.375000e-01 5.918728e-29 5.914409e-29
-3.125000e-01 -9.375000e-01 4.739938e-29 4.736449e-29
0.000000e+00 -9.375000e-01 3.181008e-29 3.178733e-29
3.125000e-01 -9.375000e-01 1.658259e-29 1.657143e-29
6.250000e-01 -9.375000e-01 5.839402e-30 5.835701e-30
9.375000e-01 -9.375000e-01 9.309454e-31 9.303466e-31
1.250000e+00 -9.375000e-01 7.157575e-33 7.164345e-33
1.562500e+00 -9.375000e-01 4.641369e-31 4.638985e-31
1.875000e+00 -9.375000e-01 8.360411e-31 8.355027e-31
2.187500e+00 -9.375000e-01 8.457474e-31 8.451190e-31
2.500000e+00 -9.375000e-01 6.143427e-31 6.138818e-31
2.812500e+00 -9.375000e-01 3.119874e-31 3.117630e-31
3.125000e+00 -9.375000e-01 1.051282e-31 1.050542e-31
3.437500e+00 -9.375000e-01 2.292210e-32 2.290534e-32
3.750000e+00 -9.375000e-01 2.925879e-33 2.923629e-33
4.062500e+00 -9.375000e-01 2.047155e-34 2.044715e-34
4.375000e+00 -9.375000e-01 1.185722e-35 1.184385e-35
4.687500e+00 -9.375000e-01 7.364244e-37 7.340760e-37
5.000000e+00 -9.375000e-01 1.040652e-37 1.061416e-37

-4.687500e+00 -6.250000e-01 4.135237e-36 4.108488e-36
-4.375000e+00 -6.250000e-01 4.966336e-35 4.968535e-35
-4.062500e+00 -6.250000e-01 3.353374e-34 3.345740e-34
-3.750000e+00 -6.250000e-01 1.553461e-33 1.547893e-33
-3.437500e+00 -6.250000e-01 1.784070e-32 1.781147e-32
-3.125000e+00 -6.250000e-01 1.771177e-31 1.769774e-31
-2.812500e+00 -6.250000e-01 1.023199e-30 1.022496e-30
-2.500000e+00 -6.250000e-01 4.053780e-30 4.050932e-30
-2.187500e+00 -6.250000e-01 1.193316e-29 1.192481e-29
-1.875000e+00 -6.250000e-01 2.616940e-29 2.615108e-29
-1.562500e+00 -6.250000e-01 4.312752e-29 4.309747e-29
-1.250000e+00 -6.250000e-01 5.556746e-29 5.552849e-29
-9.375000e-01 -6.250000e-01 5.918728e-29 5.914409e-29
-6.250000e-01 -6.250000e-01 5.450549e-29 5.446386e-29
-3.125000e-01 -6.250000e-01 4.365003e-29 4.361640e-29
0.000000e+00 -6.250000e-01 2.929386e-29 2.927190e-29
3.125000e-01 -6.250000e-01 1.527088e-29 1.526007e-29
6.250000e-01 -6.250000e-01 5.377499e-30 5.373887e-30
9.375000e-01 -6.250000e-01 8.573065e-31 8.567148e-31
1.250000e+00 -6.250000e-01 6.591402e-33 6.598522e-33
1.562500e+00 -6.250000e-01 4.274231e-31 4.271963e-31
1.875000e+00 -6.250000e-01 7.699092e-31 7.693936e-31
2.187500e+00 -6.250000e-01 7.788478e-31 7.782464e-31
2.500000e+00 -6.250000e-01 5.657475e-31 5.653060e-31
2.812500e+00 -6.250000e-01 2.873088e-31 2.870932e-31
3.125000e+00 -6.250000e-01 9.681242e-32 9.674113e-32
3.437500e+00 -6.250000e-01 2.110893e-32 2.109281e-32
3.750000e+00 -6.250000e-01 2.694438e-33 2.692279e-33
4.062500e+00 -6.250000e-01 1.885222e-34 1.882933e-34
4.375000e+00 -6.250000e-01 1.091930e-35 1.090749e-35
4.687500e+00 -6.250000e-01 6.781723e-37 6.760430e-37
5.000000e+00 -6.250000e-01 9.583354e-38 9.771334e-38

-4.687500e+00 -3.125000e-01 3.311652e-36 3.290572e-36
-4.375000e+00 -3.125000e-01 3.977227e-35 3.979153e-35
-4.062500e+00 -3.125000e-01 2.685508e-34 2.679424e-34
-3.750000e+00 -3.125000e-01 1.244070e-33 1.239579e-33
-3.437500e+00 -3.125000e-01 1.428750e-32 1.426397e-32
-3.125000e+00 -3.125000e-01 1.418424e-31 1.417301e-31
-2.812500e+00 -3.125000e-01 8.194158e-31 8.188515e-31
-2.500000e+00 -3.125000e-01 3.246418e-30 3.244122e-30
-2.187500e+00 -3.125000e-01 9.556524e-30 9.549770e-30
-1.875000e+00 -3.125000e-01 2.095743e-29 2.094262e-29
-1.562500e+00 -3.125000e-01 3.453813e-29 3.451382e-29
-1.250000e+00 -3.125000e-01 4.450050e-29 4.446894e-29
-9.375000e-01 -3.125000e-01 4.739938e-29 4.736440e-29
-6.250000e-01 -3.125000e-01 4.365003e-29 4.361630e-29
-3.125000e-01 -3.125000e-01 3.495658e-29 3.492932e-29
0.000000e+00 -3.125000e-01 2.345962e-29 2.344182e-29
3.125000e-01 -3.125000e-01 1.222949e-29 1.222072e-29
6.250000e-01 -3.125000e-01 4.306502e-30 4.303560e-30
9.375000e-01 -3.125000e-01 6.865631e-31 6.860764e-31
1.250000e+00 -3.125000e-01 5.278641e-33 5.285038e-33
1.562500e+00 -3.125000e-01 3.422964e-31 3.421163e-31
1.875000e+00 -3.125000e-01 6.165721e-31 6.161577e-31
2.187500e+00 -3.125000e-01 6.237304e-31 6.232462e-31
2.500000e+00 -3.125000e-01 4.530717e-31 4.527166e-31
2.812500e+00 -3.125000e-01 2.300876e-31 2.299146e-31
3.125000e+00 -3.125000e-01 7.753100e-32 7.747391e-32
3.437500e+00 -3.125000e-01 1.690482e-32 1.689197e-32
3.750000e+00 -3.125000e-01 2.157807e-33 2.156091e-33
4.062500e+00 -3.125000e-01 1.509756e-34 1.507931e-34
4.375000e+00 -3.125000e-01 8.744583e-36 8.735279e-36
4.687500e+00 -3.125000e-01 5.431058e-37 5.414100e-37
5.000000e+00 -3.125000e-01 7.674708e-38 7.825356e-38

-4.687500e+00 0.000000e+00 2.222474e-36 2.208288e-36
-4.375000e+00 0.000000e+00 2.669147e-35 2.670476e-35
-4.062500e+00 0.000000e+00 1.802264e-34 1.798210e-34
-3.750000e+00 0.000000e+00 8.349042e-34 8.319155e-34
-3.437500e+00 0.000000e+00 9.588445e-33 9.573100e-33
-3.125000e+00 0.000000e+00 9.519151e-32 9.511994e-32
-2.812500e+00 0.000000e+00 5.499160e-31 5.495557e-31
-2.500000e+00 0.000000e+00 2.178695e-30 2.177214e-30
-2.187500e+00 0.000000e+00 6.413454e-30 6.409072e-30
-1.875000e+00 0.000000e+00 1.406469e-29 1.405504e-29
-1.562500e+00 0.000000e+00 2.317879e-29 2.316294e-29
-1.250000e+00 0.000000e+00 2.986461e-29 2.984402e-29
-9.375000e-01 0.000000e+00 3.181008e-29 3.178721e-29
-6.250000e-01 0.000000e+00 2.929386e-29 2.927178e-29
-3.125000e-01 0.000000e+00 2.345962e-29 2.344177e-29
0.000000e+00 0.000000e+00 1.574392e-29 1.573228e-29
3.125000e-01 0.000000e+00 8.207304e-30 8.201580e-30
6.250000e-01 0.000000e+00 2.890125e-30 2.888214e-30
9.375000e-01 0.000000e+00 4.607575e-31 4.604426e-31
1.250000e+00 0.000000e+00 3.542535e-33 3.546783e-33
1.562500e+00 0.000000e+00 2.297176e-31 2.296001e-31
1.875000e+00 0.000000e+00 4.137861e-31 4.135149e-31
2.187500e+00 0.000000e+00 4.185901e-31 4.182727e-31
2.500000e+00 0.000000e+00 3.040598e-31 3.038276e-31
2.812500e+00 0.000000e+00 1.544135e-31 1.543010e-31
3.125000e+00 0.000000e+00 5.203163e-32 5.199480e-32
3.437500e+00 0.000000e+00 1.134495e-32 1.133672e-32
3.750000e+00 0.000000e+00 1.448120e-33 1.447028e-33
4.062500e+00 0.000000e+00 1.013209e-34 1.012008e-34
4.375000e+00 0.000000e+00 5.868554e-36 5.861925e-36
4.687500e+00 0.000000e+00 3.644823e-37 3.633170e-37
5.000000e+00 0.000000e+00 5.150553e-38 5.253578e-38

-4.687500e+00 3.125000e-01 1.158575e-36 1.150890e-36
-4.375000e+00 3.125000e-01 1.391426e-35 1.392033e-35
-4.062500e+00 3.125000e-01 9.395199e-35 9.374033e-35
-3.750000e+00 3.125000e-01 4.352354e-34 4.337153e-34
-3.437500e+00 3.125000e-01 4.998455e-33 4.990946e-33
-3.125000e+00 3.125000e-01 4.962332e-32 4.958953e-32
-2.812500e+00 3.125000e-01 2.866711e-31 2.865004e-31
-2.500000e+00 3.125000e-01 1.135753e-30 1.135042e-30
-2.187500e+00 3.125000e-01 3.343332e-30 3.341203e-30
-1.875000e+00 3.125000e-01 7.331919e-30 7.327197e-30
-1.562500e+00 3.125000e-01 1.208310e-29 1.207532e-29
-1.250000e+00 3.125000e-01 1.556842e-29 1.555831e-29
-9.375000e-01 3.125000e-01 1.658259e-29 1.657135e-29
-6.250000e-01 3.125000e-01 1.527088e-29 1.526001e-29
-3.125000e-01 3.125000e-01 1.222949e-29 1.222070e-29
0.000000e+00 3.125000e-01 8.207304e-30 8.201584e-30
3.125000e-01 3.125000e-01 4.278466e-30 4.275674e-30
6.250000e-01 3.125000e-01 1.506622e-30 1.505702e-30
9.375000e-01 3.125000e-01 2.401928e-31 2.400454e-31
1.250000e+00 3.125000e-01 1.846723e-33 1.848479e-33
1.562500e+00 3.125000e-01 1.197518e-31 1.196919e-31
1.875000e+00 3.125000e-01 2.157066e-31 2.155710e-31
2.187500e+00 3.125000e-01 2.182109e-31 2.180526e-31
2.500000e+00 3.125000e-01 1.585063e-31 1.583909e-31
2.812500e+00 3.125000e-01 8.049573e-32 8.044034e-32
3.125000e+00 3.125000e-01 2.712408e-32 2.710619e-32
3.437500e+00 3.125000e-01 5.914120e-33 5.910157e-33
3.750000e+00 3.125000e-01 7.549048e-34 7.543826e-34
4.062500e+00 3.125000e-01 5.281855e-35 5.275768e-35
4.375000e+00 3.125000e-01 3.059276e-36 3.055240e-36
4.687500e+00 3.125000e-01 1.900045e-37 1.893585e-37
5.000000e+00 3.125000e-01 2.684982e-38 2.740511e-38

-4.687500e+00 6.250000e-01 4.079815e-37 4.050205e-37
-4.375000e+00 6.250000e-01 4.899775e-36 4.900867e-36
-4.062500e+00 6.250000e-01 3.308431e-35 3.300698e-35
-3.750000e+00 6.250000e-01 1.532641e-34 1.527433e-34
-3.437500e+00 6.250000e-01 1.760159e-33 1.757727e-33
-3.125000e+00 6.250000e-01 1.747439e-32 1.746381e-32
-2.812500e+00 6.250000e-01 1.009485e-31 1.008946e-31
-2.500000e+00 6.250000e-01 3.999449e-31 3.997150e-31
-2.187500e+00 6.250000e-01 1.177323e-30 1.176623e-30
-1.875000e+00 6.250000e-01 2.581867e-30 2.580293e-30
-1.562500e+00 6.250000e-01 4.254950e-30 4.252349e-30
-1.250000e+00 6.250000e-01 5.482272e-30 5.478899e-30
-9.375000e-01 6.250000e-01 5.839402e-30 5.835654e-30
-6.250000e-01 6.250000e-01 5.377499e-30 5.373862e-30
-3.125000e-01 6.250000e-01 4.306502e-30 4.303560e-30
0.000000e+00 6.250000e-01 2.890125e-30 2.888220e-30
3.125000e-01 6.250000e-01 1.506622e-30 1.505703e-30
6.250000e-01 6.250000e-01 5.305427e-31 5.302483e-31
9.375000e-01 6.250000e-01 8.458165e-32 8.453757e-32
1.250000e+00 6.250000e-01 6.503061e-34 6.505807e-34
1.562500e+00 6.250000e-01 4.216946e-32 4.214750e-32
1.875000e+00 6.250000e-01 7.595906e-32 7.591194e-32
2.187500e+00 6.250000e-01 7.684093e-32 7.678649e-32
2.500000e+00 6.250000e-01 5.581651e-32 5.577703e-32
2.812500e+00 6.250000e-01 2.834582e-32 2.832709e-32
3.125000e+00 6.250000e-01 9.551490e-33 9.545566e-33
3.437500e+00 6.250000e-01 2.082602e-33 2.081305e-33
3.750000e+00 6.250000e-01 2.658326e-34 2.656638e-34
4.062500e+00 6.250000e-01 1.859956e-35 1.857834e-35
4.375000e+00 6.250000e-01 1.077295e-36 1.075453e-36
4.687500e+00 6.250000e-01 6.690832e-38 6.665335e-38
5.000000e+00 6.250000e-01 9.454914e-39 9.658423e-39

-4.687500e+00 9.375000e-01 6.504235e-38 6.447204e-38
-4.375000e+00 9.375000e-01 7.811455e-37 7.808340e-37
-4.062500e+00 9.375000e-01 5.274459e-36 5.260077e-36
-3.750000e+00 9.375000e-01 2.443409e-35 2.434909e-35
-3.437500e+00 9.375000e-01 2.806129e-34 2.802581e-34
-3.125000e+00 9.375000e-01 2.785850e-33 2.784367e-33
-2.812500e+00 9.375000e-01 1.609370e-32 1.608576e-32
-2.500000e+00 9.375000e-01 6.376113e-32 6.372560e-32
-2.187500e+00 9.375000e-01 1.876945e-31 1.875815e-31
-1.875000e+00 9.375000e-01 4.116135e-31 4.113530e-31
-1.562500e+00 9.375000e-01 6.783445e-31 6.779105e-31
-1.250000e+00 9.375000e-01 8.740100e-31 8.734493e-31
-9.375000e-01 9.375000e-01 9.309454e-31 9.303240e-31
-6.250000e-01 9.375000e-01 8.573065e-31 8.567026e-31
-3.125000e-01 9.375000e-01 6.865631e-31 6.860743e-31
0.000000e+00 9.375000e-01 4.607575e-31 4.604429e-31
3.125000e-01 9.375000e-01 2.401928e-31 2.400441e-31
6.250000e-01 9.375000e-01 8.458165e-32 8.453636e-32
9.375000e-01 9.375000e-01 1.348441e-32 1.347863e-32
1.250000e+00 9.375000e-01 1.036749e-34 1.036235e-34
1.562500e+00 9.375000e-01 6.722857e-33 6.718601e-33
1.875000e+00 9.375000e-01 1.210976e-32 1.210141e-32
2.187500e+00 9.375000e-01 1.225035e-32 1.224090e-32
2.500000e+00 9.375000e-01 8.898534e-33 8.891709e-33
2.812500e+00 9.375000e-01 4.519025e-33 4.515846e-33
3.125000e+00 9.375000e-01 1.522744e-33 1.521779e-33
3.437500e+00 9.375000e-01 3.320184e-34 3.318140e-34
3.750000e+00 9.375000e-01 4.238031e-35 4.235468e-35
4.062500e+00 9.375000e-01 2.965230e-36 2.961688e-36
4.375000e+00 9.375000e-01 1.717476e-37 1.712846e-37
4.687500e+00 9.375000e-01 1.066684e-38 1.061507e-38
5.000000e+00 9.375000e-01 1.507347e-39 1.541369e-39

-4.687500e+00 1.250000e+00 5.000782e-40 5.041118e-40
-4.375000e+00 1.250000e+00 6.005838e-39 6.051564e-39
-4.062500e+00 1.250000e+00 4.055268e-38 4.072801e-38
-3.750000e+00 1.250000e+00 1.878615e-37 1.882177e-37
-3.437500e+00 1.250000e+00 2.157493e-36 2.155126e-36
-3.125000e+00 1.250000e+00 2.141901e-35 2.140413e-35
-2.812500e+00 1.250000e+00 1.237364e-34 1.237237e-34
-2.500000e+00 1.250000e+00 4.902275e-34 4.904197e-34
-2.187500e+00 1.250000e+00 1.443089e-33 1.444245e-33
-1.875000e+00 1.250000e+00 3.164691e-33 3.168011e-33
-1.562500e+00 1.250000e+00 5.215452e-33 5.221396e-33
-1.250000e+00 1.250000e+00 6.719826e-33 6.727554e-33
-9.375000e-01 1.250000e+00 7.157575e-33 7.166038e-33
-6.250000e-01 1.250000e+00 6.591402e-33 6.599610e-33
-3.125000e-01 1.250000e+00 5.278641e-33 5.285345e-33
0.000000e+00 1.250000e+00 3.542535e-33 3.546833e-33
3.125000e-01 1.250000e+00 1.846723e-33 1.848698e-33
6.250000e-01 1.250000e+00 6.503061e-34 6.508446e-34
9.375000e-01 1.250000e+00 1.036749e-34 1.037127e-34
1.250000e+00 1.250000e+00 7.971046e-37 7.998347e-37
1.562500e+00 1.250000e+00 5.168869e-35 5.176250e-35
1.875000e+00 1.250000e+00 9.310587e-35 9.322745e-35
2.187500e+00 1.250000e+00 9.418682e-35 9.431418e-35
2.500000e+00 1.250000e+00 6.841639e-35 6.850605e-35
2.812500e+00 1.250000e+00 3.474453e-35 3.478061e-35
3.125000e+00 1.250000e+00 1.170762e-35 1.171419e-35
3.437500e+00 1.250000e+00 2.552723e-36 2.552853e-36
3.750000e+00 1.250000e+00 3.258410e-37 3.256806e-37
4.062500e+00 1.250000e+00 2.279817e-38 2.279946e-38
4.375000e+00 1.250000e+00 1.320481e-39 1.335837e-39
4.687500e+00 1.250000e+00 8.201204e-41 8.286424e-41
5.000000e+00 1.250000e+00 1.158924e-41 1.178485e-41

-4.687500e+00 1.562500e+00 3.242785e-38 3.222101e-38
-4.375000e+00 1.562500e+00 3.894519e-37 3.897438e-37
-4.062500e+00 1.562500e+00 2.629661e-36 2.625250e-36
-3.750000e+00 1.562500e+00 1.218199e-35 1.214907e-35
-3.437500e+00 1.562500e+00 1.399038e-34 1.397206e-34
-3.125000e+00 1.562500e+00 1.388928e-33 1.388034e-33
-2.812500e+00 1.562500e+00 8.023757e-33 8.019483e-33
-2.500000e+00 1.562500e+00 3.178908e-32 3.177252e-32
-2.187500e+00 1.562500e+00 9.357792e-32 9.353093e-32
-1.875000e+00 1.562500e+00 2.052161e-31 2.051147e-31
-1.562500e+00 1.562500e+00 3.381989e-31 3.380339e-31
-1.250000e+00 1.562500e+00 4.357509e-31 4.355382e-31
-9.375000e-01 1.562500e+00 4.641369e-31 4.639024e-31
-6.250000e-01 1.562500e+00 4.274231e-31 4.271978e-31
-3.125000e-01 1.562500e+00 3.422964e-31 3.421153e-31
0.000000e+00 1.562500e+00 2.297176e-31 2.296000e-31
3.125000e-01 1.562500e+00 1.197518e-31 1.196945e-31
6.250000e-01 1.562500e+00 4.216946e-32 4.215082e-32
9.375000e-01 1.562500e+00 6.722857e-33 6.720053e-33
1.250000e+00 1.562500e+00 5.168869e-35 5.168260e-35
1.562500e+00 1.562500e+00 3.351782e-33 3.350281e-33
1.875000e+00 1.562500e+00 6.037502e-33 6.034431e-33
2.187500e+00 1.562500e+00 6.107597e-33 6.104141e-33
2.500000e+00 1.562500e+00 4.436499e-33 4.434013e-33
2.812500e+00 1.562500e+00 2.253028e-33 2.251817e-33
3.125000e+00 1.562500e+00 7.591871e-34 7.587790e-34
3.437500e+00 1.562500e+00 1.655328e-34 1.654358e-34
3.750000e+00 1.562500e+00 2.112934e-35 2.111559e-35
4.062500e+00 1.562500e+00 1.478360e-36 1.476732e-36
4.375000e+00 1.562500e+00 8.562735e-38 8.555678e-38
4.687500e+00 1.562500e+00 5.318116e-39 5.303238e-39
5.000000e+00 1.562500e+00 7.515109e-40 7.685293e-40

-4.687500e+00 1.875000e+00 5.841168e-38 5.797538e-38
-4.375000e+00 1.875000e+00 7.015124e-37 7.016272e-37
-4.062500e+00 1.875000e+00 4.736760e-36 4.726303e-36
-3.750000e+00 1.875000e+00 2.194318e-35 2.187348e-35
-3.437500e+00 1.875000e+00 2.520061e-34 2.516502e-34
-3.125000e+00 1.875000e+00 2.501849e-33 2.500120e-33
-2.812500e+00 1.875000e+00 1.445304e-32 1.444433e-32
-2.500000e+00 1.875000e+00 5.726107e-32 5.722566e-32
-2.187500e+00 1.875000e+00 1.685601e-31 1.684550e-31
-1.875000e+00 1.875000e+00 3.696520e-31 3.694188e-31
-1.562500e+00 1.875000e+00 6.091914e-31 6.088084e-31
-1.250000e+00 1.875000e+00 7.849099e-31 7.844165e-31
-9.375000e-01 1.875000e+00 8.360411e-31 8.354974e-31
-6.250000e-01 1.875000e+00 7.699092e-31 7.693857e-31
-3.125000e-01 1.875000e+00 6.165721e-31 6.161500e-31
0.000000e+00 1.875000e+00 4.137861e-31 4.135126e-31
3.125000e-01 1.875000e+00 2.157066e-31 2.155747e-31
6.250000e-01 1.875000e+00 7.595906e-32 7.591727e-32
9.375000e-01 1.875000e+00 1.210976e-32 1.210392e-32
1.250000e+00 1.875000e+00 9.310587e-35 9.306981e-35
1.562500e+00 1.875000e+00 6.037502e-33 6.033869e-33
1.875000e+00 1.875000e+00 1.087524e-32 1.086804e-32
2.187500e+00 1.875000e+00 1.100150e-32 1.099341e-32
2.500000e+00 1.875000e+00 7.991382e-33 7.985515e-33
2.812500e+00 1.875000e+00 4.058338e-33 4.055518e-33
3.125000e+00 1.875000e+00 1.367509e-33 1.366600e-33
3.437500e+00 1.875000e+00 2.981711e-34 2.979660e-34
3.750000e+00 1.875000e+00 3.805989e-35 3.803223e-35
4.062500e+00 1.875000e+00 2.662943e-36 2.659671e-36
4.375000e+00 1.875000e+00 1.542389e-37 1.539755e-37
4.687500e+00 1.875000e+00 9.579423e-39 9.543464e-39
5.000000e+00 1.875000e+00 1.353682e-39 1.384426e-39

-4.687500e+00 2.187500e+00 5.908983e-38 5.864191e-38
-4.375000e+00 2.187500e+00 7.096569e-37 7.097037e-37
-4.062500e+00 2.187500e+00 4.791753e-36 4.780528e-36
-3.750000e+00 2.187500e+00 2.219794e-35 2.212092e-35
-3.437500e+00 2.187500e+00 2.549319e-34 2.545333e-34
-3.125000e+00 2.187500e+00 2.530895e-33 2.528948e-33
-2.812500e+00 2.187500e+00 1.462084e-32 1.461090e-32
-2.500000e+00 2.187500e+00 5.792586e-32 5.788503e-32
-2.187500e+00 2.187500e+00 1.705171e-31 1.703952e-31
-1.875000e+00 2.187500e+00 3.739436e-31 3.736731e-31
-1.562500e+00 2.187500e+00 6.162640e-31 6.158194e-31
-1.250000e+00 2.187500e+00 7.940226e-31 7.934487e-31
-9.375000e-01 2.187500e+00 8.457474e-31 8.451139e-31
-6.250000e-01 2.187500e+00 7.788478e-31 7.782374e-31
-3.125000e-01 2.187500e+00 6.237304e-31 6.232380e-31
0.000000e+00 2.187500e+00 4.185901e-31 4.182708e-31
3.125000e-01 2.187500e+00 2.182109e-31 2.180563e-31
6.250000e-01 2.187500e+00 7.684093e-32 7.679126e-32
9.375000e-01 2.187500e+00 1.225035e-32 1.224307e-32
1.250000e+00 2.187500e+00 9.418682e-35 9.419154e-35
1.562500e+00 2.187500e+00 6.107597e-33 6.103665e-33
1.875000e+00 2.187500e+00 1.100150e-32 1.099342e-32
2.187500e+00 2.187500e+00 1.112923e-32 1.112005e-32
2.500000e+00 2.187500e+00 8.084161e-33 8.077491e-33
2.812500e+00 2.187500e+00 4.105455e-33 4.102262e-33
3.125000e+00 2.187500e+00 1.383386e-33 1.382366e-33
3.437500e+00 2.187500e+00 3.016328e-34 3.014067e-34
3.750000e+00 2.187500e+00 3.850176e-35 3.847150e-35
4.062500e+00 2.187500e+00 2.693859e-36 2.690397e-36
4.375000e+00 2.187500e+00 1.560296e-37 1.557366e-37
4.687500e+00 2.187500e+00 9.690639e-39 9.652600e-39
5.000000e+00 2.187500e+00 1.369399e-39 1.400203e-39

-4.687500e+00 2.500000e+00 4.292228e-38 4.261119e-38
-4.375000e+00 2.500000e+00 5.154879e-37 5.156233e-37
-4.062500e+00 2.500000e+00 3.480683e-36 3.473147e-36
-3.750000e+00 2.500000e+00 1.612437e-35 1.606814e-35
-3.437500e+00 2.500000e+00 1.851801e-34 1.848733e-34
-3.125000e+00 2.500000e+00 1.838418e-33 1.836924e-33
-2.812500e+00 2.500000e+00 1.062044e-32 1.061293e-32
-2.500000e+00 2.500000e+00 4.207678e-32 4.204639e-32
-2.187500e+00 2.500000e+00 1.238620e-31 1.237725e-31
-1.875000e+00 2.500000e+00 2.716290e-31 2.714326e-31
-1.562500e+00 2.500000e+00 4.476482e-31 4.473266e-31
-1.250000e+00 2.500000e+00 5.767703e-31 5.763544e-31
-9.375000e-01 2.500000e+00 6.143427e-31 6.138819e-31
-6.250000e-01 2.500000e+00 5.657475e-31 5.653028e-31
-3.125000e-01 2.500000e+00 4.530717e-31 4.527133e-31
0.000000e+00 2.500000e+00 3.040598e-31 3.038274e-31
3.125000e-01 2.500000e+00 1.585063e-31 1.583932e-31
6.250000e-01 2.500000e+00 5.581651e-32 5.577948e-32
9.375000e-01 2.500000e+00 8.898534e-33 8.892740e-33
1.250000e+00 2.500000e+00 6.841639e-35 6.846409e-35
1.562500e+00 2.500000e+00 4.436499e-33 4.433944e-33
1.875000e+00 2.500000e+00 7.991382e-33 7.985787e-33
2.187500e+00 2.500000e+00 8.084161e-33 8.077692e-33
2.500000e+00 2.500000e+00 5.872256e-33 5.867558e-33
2.812500e+00 2.500000e+00 2.982162e-33 2.979920e-33
3.125000e+00 2.500000e+00 1.004878e-33 1.004159e-33
3.437500e+00 2.500000e+00 2.191031e-34 2.189423e-34
3.750000e+00 2.500000e+00 2.796731e-35 2.794528e-35
4.062500e+00 2.500000e+00 1.956793e-36 1.954340e-36
4.375000e+00 2.500000e+00 1.133384e-37 1.131589e-37
4.687500e+00 2.500000e+00 7.039186e-39 7.013962e-39
5.000000e+00 2.500000e+00 9.947178e-40 1.016915e-39

-4.687500e+00 2.812500e+00 2.179762e-38 2.164422e-38
-4.375000e+00 2.812500e+00 2.617850e-37 2.618967e-37
-4.062500e+00 2.812500e+00 1.767627e-36 1.764177e-36
-3.750000e+00 2.812500e+00 8.188587e-36 8.161168e-36
-3.437500e+00 2.812500e+00 9.404171e-35 9.388211e-35
-3.125000e+00 2.812500e+00 9.336208e-34 9.328286e-34
-2.812500e+00 2.812500e+00 5.393475e-33 5.389584e-33
-2.500000e+00 2.812500e+00 2.136824e-32 2.135289e-32
-2.187500e+00 2.812500e+00 6.290197e-32 6.285778e-32
-1.875000e+00 2.812500e+00 1.379439e-31 1.378482e-31
-1.562500e+00 2.812500e+00 2.273333e-31 2.271775e-31
-1.250000e+00 2.812500e+00 2.929066e-31 2.927052e-31
-9.375000e-01 2.812500e+00 3.119874e-31 3.117639e-31
-6.250000e-01 2.812500e+00 2.873088e-31 2.870934e-31
-3.125000e-01 2.812500e+00 2.300876e-31 2.299142e-31
0.000000e+00 2.812500e+00 1.544135e-31 1.543011e-31
3.125000e-01 2.812500e+00 8.049573e-32 8.044076e-32
6.250000e-01 2.812500e+00 2.834582e-32 2.832759e-32
9.375000e-01 2.812500e+00 4.519025e-33 4.516065e-33
1.250000e+00 2.812500e+00 3.474453e-35 3.477729e-35
1.562500e+00 2.812500e+00 2.253028e-33 2.251866e-33
1.875000e+00 2.812500e+00 4.058338e-33 4.055697e-33
2.187500e+00 2.812500e+00 4.105455e-33 4.102374e-33
2.500000e+00 2.812500e+00 2.982162e-33 2.979927e-33
2.812500e+00 2.812500e+00 1.514459e-33 1.513388e-33
3.125000e+00 2.812500e+00 5.103166e-34 5.099674e-34
3.437500e+00 2.812500e+00 1.112692e-34 1.111891e-34
3.750000e+00 2.812500e+00 1.420290e-35 1.419156e-35
4.062500e+00 2.812500e+00 9.937364e-37 9.925175e-37
4.375000e+00 2.812500e+00 5.755770e-38 5.748635e-38
4.687500e+00 2.812500e+00 3.574775e-39 3.563397e-39
5.000000e+00 2.812500e+00 5.051568e-40 5.163485e-40

-4.687500e+00 3.125000e+00 7.344990e-39 7.292037e-39
-4.375000e+00 3.125000e+00 8.821184e-38 8.824249e-38
-4.062500e+00 3.125000e+00 5.956249e-37 5.944727e-37
-3.750000e+00 3.125000e+00 2.759250e-36 2.750462e-36
-3.437500e+00 3.125000e+00 3.168857e-35 3.163526e-35
-3.125000e+00 3.125000e+00 3.145956e-34 3.143159e-34
-2.812500e+00 3.125000e+00 1.817401e-33 1.816037e-33
-2.500000e+00 3.125000e+00 7.200306e-33 7.195055e-33
-2.187500e+00 3.125000e+00 2.119563e-32 2.118073e-32
-1.875000e+00 3.125000e+00 4.648197e-32 4.644994e-32
-1.562500e+00 3.125000e+00 7.660291e-32 7.655093e-32
-1.250000e+00 3.125000e+00 9.869868e-32 9.863172e-32
-9.375000e-01 3.125000e+00 1.051282e-31 1.050544e-31
-6.250000e-01 3.125000e+00 9.681242e-32 9.674163e-32
-3.125000e-01 3.125000e+00 7.753100e-32 7.747413e-32
0.000000e+00 3.125000e+00 5.203163e-32 5.199470e-32
3.125000e-01 3.125000e+00 2.712408e-32 2.710599e-32
6.250000e-01 3.125000e+00 9.551490e-33 9.545527e-33
9.375000e-01 3.125000e+00 1.522744e-33 1.521812e-33
1.250000e+00 3.125000e+00 1.170762e-35 1.171134e-35
1.562500e+00 3.125000e+00 7.591871e-34 7.587597e-34
1.875000e+00 3.125000e+00 1.367509e-33 1.366600e-33
2.187500e+00 3.125000e+00 1.383386e-33 1.382347e-33
2.500000e+00 3.125000e+00 1.004878e-33 1.004121e-33
2.812500e+00 3.125000e+00 5.103166e-34 5.099482e-34
3.125000e+00 3.125000e+00 1.719578e-34 1.718352e-34
3.437500e+00 3.125000e+00 3.749359e-35 3.746481e-35
3.750000e+00 3.125000e+00 4.785850e-36 4.781729e-36
4.062500e+00 3.125000e+00 3.348523e-37 3.344257e-37
4.375000e+00 3.125000e+00 1.939481e-38 1.937208e-38
4.687500e+00 3.125000e+00 1.204567e-39 1.200839e-39
5.000000e+00 3.125000e+00 1.702191e-40 1.739733e-40

-4.687500e+00 3.437500e+00 1.601498e-39 1.588907e-39
-4.375000e+00 3.437500e+00 1.923367e-38 1.923289e-38
-4.062500e+00 3.437500e+00 1.298698e-37 1.295905e-37
-3.750000e+00 3.437500e+00 6.016256e-37 5.998413e-37
-3.437500e+00 3.437500e+00 6.909360e-36 6.898335e-36
-3.125000e+00 3.437500e+00 6.859427e-35 6.852976e-35
-2.812500e+00 3.437500e+00 3.962653e-34 3.959477e-34
-2.500000e+00 3.437500e+00 1.569951e-33 1.568757e-33
-2.187500e+00 3.437500e+00 4.621486e-33 4.618114e-33
-1.875000e+00 3.437500e+00 1.013491e-32 1.012764e-32
-1.562500e+00 3.437500e+00 1.670246e-32 1.669068e-32
-1.250000e+00 3.437500e+00 2.152021e-32 2.150518e-32
-9.375000e-01 3.437500e+00 2.292210e-32 2.290578e-32
-6.250000e-01 3.437500e+00 2.110893e-32 2.109346e-32
-3.125000e-01 3.437500e+00 1.690482e-32 1.689242e-32
0.000000e+00 3.437500e+00 1.134495e-32 1.133687e-32
3.125000e-01 3.437500e+00 5.914120e-33 5.910173e-33
6.250000e-01 3.437500e+00 2.082602e-33 2.081345e-33
9.375000e-01 3.437500e+00 3.320184e-34 3.318527e-34
1.250000e+00 3.437500e+00 2.552723e-36 2.548812e-36
1.562500e+00 3.437500e+00 1.655328e-34 1.654076e-34
1.875000e+00 3.437500e+00 2.981711e-34 2.979432e-34
2.187500e+00 3.437500e+00 3.016328e-34 3.013857e-34
2.500000e+00 3.437500e+00 2.191031e-34 2.189218e-34
2.812500e+00 3.437500e+00 1.112692e-34 1.111785e-34
3.125000e+00 3.437500e+00 3.749359e-35 3.746277e-35
3.437500e+00 3.437500e+00 8.175084e-36 8.167725e-36
3.750000e+00 3.437500e+00 1.043504e-36 1.042464e-36
4.062500e+00 3.437500e+00 7.301104e-38 7.290711e-38
4.375000e+00 3.437500e+00 4.228835e-39 4.222644e-39
4.687500e+00 3.437500e+00 2.626431e-40 2.617506e-40
5.000000e+00 3.437500e+00 3.711449e-41 3.793649e-41

-4.687500e+00 3.750000e+00 2.044224e-40 2.025882e-40
-4.375000e+00 3.750000e+00 2.455071e-39 2.453943e-39
-4.062500e+00 3.750000e+00 1.657716e-38 1.654070e-38
-3.750000e+00 3.750000e+00 7.679418e-38 7.662450e-38
-3.437500e+00 3.750000e+00 8.819417e-37 8.808337e-37
-3.125000e+00 3.750000e+00 8.755680e-36 8.747536e-36
-2.812500e+00 3.750000e+00 5.058107e-35 5.053888e-35
-2.500000e+00 3.750000e+00 2.003956e-34 2.002377e-34
-2.187500e+00 3.750000e+00 5.899071e-34 5.894558e-34
-1.875000e+00 3.750000e+00 1.293665e-33 1.292677e-33
-1.562500e+00 3.750000e+00 2.131977e-33 2.130365e-33
-1.250000e+00 3.750000e+00 2.746936e-33 2.744896e-33
-9.375000e-01 3.750000e+00 2.925879e-33 2.923722e-33
-6.250000e-01 3.750000e+00 2.694438e-33 2.692443e-33
-3.125000e-01 3.750000e+00 2.157807e-33 2.156217e-33
0.000000e+00 3.750000e+00 1.448120e-33 1.447076e-33
3.125000e-01 3.750000e+00 7.549048e-34 7.543917e-34
6.250000e-01 3.750000e+00 2.658326e-34 2.656748e-34
9.375000e-01 3.750000e+00 4.238031e-35 4.236502e-35
1.250000e+00 3.750000e+00 3.258410e-37 3.243708e-37
1.562500e+00 3.750000e+00 2.112934e-35 2.110636e-35
1.875000e+00 3.750000e+00 3.805989e-35 3.802435e-35
2.187500e+00 3.750000e+00 3.850176e-35 3.846667e-35
2.500000e+00 3.750000e+00 2.796731e-35 2.794209e-35
2.812500e+00 3.750000e+00 1.420290e-35 1.419020e-35
3.125000e+00 3.750000e+00 4.785850e-36 4.781528e-36
3.437500e+00 3.750000e+00 1.043504e-36 1.042476e-36
3.750000e+00 3.750000e+00 1.331976e-37 1.330559e-37
4.062500e+00 3.750000e+00 9.319455e-39 9.304553e-39
4.375000e+00 3.750000e+00 5.397875e-40 5.385965e-40
4.687500e+00 3.750000e+00 3.352495e-41 3.338808e-41
5.000000e+00 3.750000e+00 4.737460e-42 4.853167e-42

-4.687500e+00 4.062500e+00 1.430285e-41 1.417397e-41
-4.375000e+00 4.062500e+00 1.717744e-40 1.718097e-40
-4.062500e+00 4.062500e+00 1.159857e-39 1.158968e-39
-3.750000e+00 4.062500e+00 5.373071e-39 5.375216e-39
-3.437500e+00 4.062500e+00 6.170696e-38 6.164973e-38
-3.125000e+00 4.062500e+00 6.126101e-37 6.117104e-37
-2.812500e+00 4.062500e+00 3.539014e-36 3.533803e-36
-2.500000e+00 4.062500e+00 1.402111e-35 1.400146e-35
-2.187500e+00 4.062500e+00 4.127413e-35 4.121824e-35
-1.875000e+00 4.062500e+00 9.051405e-35 9.039239e-35
-1.562500e+00 4.062500e+00 1.491684e-34 1.489679e-34
-1.250000e+00 4.062500e+00 1.921953e-34 1.919399e-34
-9.375000e-01 4.062500e+00 2.047155e-34 2.044529e-34
-6.250000e-01 4.062500e+00 1.885222e-34 1.882906e-34
-3.125000e-01 4.062500e+00 1.509756e-34 1.507940e-34
0.000000e+00 4.062500e+00 1.013209e-34 1.011976e-34
3.125000e-01 4.062500e+00 5.281855e-35 5.275278e-35
6.250000e-01 4.062500e+00 1.859956e-35 1.857643e-35
9.375000e-01 4.062500e+00 2.965230e-36 2.962144e-36
1.250000e+00 4.062500e+00 2.279817e-38 2.261018e-38
1.562500e+00 4.062500e+00 1.478360e-36 1.475402e-36
1.875000e+00 4.062500e+00 2.662943e-36 2.658621e-36
2.187500e+00 4.062500e+00 2.693859e-36 2.690140e-36
2.500000e+00 4.062500e+00 1.956793e-36 1.954346e-36
2.812500e+00 4.062500e+00 9.937364e-37 9.925179e-37
3.125000e+00 4.062500e+00 3.348523e-37 3.344334e-37
3.437500e+00 4.062500e+00 7.301104e-38 7.291358e-38
3.750000e+00 4.062500e+00 9.319455e-39 9.306276e-39
4.062500e+00 4.062500e+00 6.520558e-40 6.506511e-40
4.375000e+00 4.062500e+00 3.776740e-41 3.767870e-41
4.687500e+00 4.062500e+00 2.345645e-42 2.337177e-42
5.000000e+00 4.062500e+00 3.314666e-43 3.418327e-43

-4.687500e+00 4.375000e+00 8.284283e-43 8.223496e-43
-4.375000e+00 4.375000e+00 9.949256e-42 9.961373e-42
-4.062500e+00 4.375000e+00 6.717947e-41 6.723432e-41
-3.750000e+00 4.375000e+00 3.112109e-40 3.120352e-40
-3.437500e+00 4.375000e+00 3.574097e-39 3.570387e-39
-3.125000e+00 4.375000e+00 3.548268e-38 3.540599e-38
-2.812500e+00 4.375000e+00 2.049814e-37 2.045605e-37
-2.500000e+00 4.375000e+00 8.121096e-37 8.106537e-37
-2.187500e+00 4.375000e+00 2.390618e-36 2.386776e-36
-1.875000e+00 4.375000e+00 5.242619e-36 5.234647e-36
-1.562500e+00 4.375000e+00 8.639905e-36 8.627003e-36
-1.250000e+00 4.375000e+00 1.113205e-35 1.111574e-35
-9.375000e-01 4.375000e+00 1.185722e-35 1.184092e-35
-6.250000e-01 4.375000e+00 1.091930e-35 1.090552e-35
-3.125000e-01 4.375000e+00 8.744583e-36 8.733961e-36
0.000000e+00 4.375000e+00 5.868554e-36 5.861158e-36
3.125000e-01 4.375000e+00 3.059276e-36 3.055107e-36
6.250000e-01 4.375000e+00 1.077295e-36 1.075741e-36
9.375000e-01 4.375000e+00 1.717476e-37 1.715299e-37
1.250000e+00 4.375000e+00 1.320481e-39 1.305231e-39
1.562500e+00 4.375000e+00 8.562735e-38 8.542020e-38
1.875000e+00 4.375000e+00 1.542389e-37 1.539547e-37
2.187500e+00 4.375000e+00 1.560296e-37 1.558048e-37
2.500000e+00 4.375000e+00 1.133384e-37 1.131932e-37
2.812500e+00 4.375000e+00 5.755770e-38 5.748000e-38
3.125000e+00 4.375000e+00 1.939481e-38 1.936512e-38
3.437500e+00 4.375000e+00 4.228835e-39 4.221265e-39
3.750000e+00 4.375000e+00 5.397875e-40 5.386919e-40
4.062500e+00 4.375000e+00 3.776740e-41 3.767234e-41
4.375000e+00 4.375000e+00 2.187506e-42 2.187639e-42
4.687500e+00 4.375000e+00 1.358609e-43 1.358018e-43
5.000000e+00 4.375000e+00 1.919871e-44 1.975745e-44

-4.687500e+00 4.687500e+00 5.145176e-44 5.103583e-44
-4.375000e+00 4.687500e+00 6.179252e-43 6.170881e-43
-4.062500e+00 4.687500e+00 4.172361e-42 4.155544e-42
-3.750000e+00 4.687500e+00 1.932859e-41 1.917481e-41
-3.437500e+00 4.687500e+00 2.219789e-40 2.206209e-40
-3.125000e+00 4.687500e+00 2.203747e-39 2.193915e-39
-2.812500e+00 4.687500e+00 1.273092e-38 1.267709e-38
-2.500000e+00 4.687500e+00 5.043824e-38 5.022443e-38
-2.187500e+00 4.687500e+00 1.484757e-37 1.478536e-37
-1.875000e+00 4.687500e+00 3.256069e-37 3.242588e-37
-1.562500e+00 4.687500e+00 5.366045e-37 5.343949e-37
-1.250000e+00 4.687500e+00 6.913856e-37 6.885222e-37
-9.375000e-01 4.687500e+00 7.364244e-37 7.333155e-37
-6.250000e-01 4.687500e+00 6.781723e-37 6.752576e-37
-3.125000e-01 4.687500e+00 5.431058e-37 5.407680e-37
0.000000e+00 4.687500e+00 3.644823e-37 3.629306e-37
3.125000e-01 4.687500e+00 1.900045e-37 1.892051e-37
6.250000e-01 4.687500e+00 6.690832e-38 6.662388e-38
9.375000e-01 4.687500e+00 1.066684e-38 1.061699e-38
1.250000e+00 4.687500e+00 8.201204e-41 8.250457e-41
1.562500e+00 4.687500e+00 5.318116e-39 5.301515e-39
1.875000e+00 4.687500e+00 9.579423e-39 9.543844e-39
2.187500e+00 4.687500e+00 9.690639e-39 9.651965e-39
2.500000e+00 4.687500e+00 7.039186e-39 7.011192e-39
2.812500e+00 4.687500e+00 3.574775e-39 3.560996e-39
3.125000e+00 4.687500e+00 1.204567e-39 1.200027e-39
3.437500e+00 4.687500e+00 2.626431e-40 2.616573e-40
3.750000e+00 4.687500e+00 3.352495e-41 3.339306e-41
4.062500e+00 4.687500e+00 2.345645e-42 2.335769e-42
4.375000e+00 4.687500e+00 1.358609e-43 1.354184e-43
4.687500e+00 4.687500e+00 8.438007e-45 8.397307e-45
5.000000e+00 4.687500e+00 1.192387e-45 1.217292e-45

-4.687500e+00 5.000000e+00 7.270724e-45 7.431707e-45
-4.375000e+00 5.000000e+00 8.731992e-44 8.899276e-44
-4.062500e+00 5.000000e+00 5.896025e-43 5.942573e-43
-3.750000e+00 5.000000e+00 2.731351e-42 2.702617e-42
-3.437500e+00 5.000000e+00 3.136816e-41 3.174452e-41
-3.125000e+00 5.000000e+00 3.114147e-40 3.180795e-40
-2.812500e+00 5.000000e+00 1.799025e-39 1.838077e-39
-2.500000e+00 5.000000e+00 7.127503e-39 7.275235e-39
-2.187500e+00 5.000000e+00 2.098132e-38 2.140353e-38
-1.875000e+00 5.000000e+00 4.601199e-38 4.692605e-38
-1.562500e+00 5.000000e+00 7.582837e-38 7.733221e-38
-1.250000e+00 5.000000e+00 9.770073e-38 9.962809e-38
-9.375000e-01 5.000000e+00 1.040652e-37 1.060643e-37
-6.250000e-01 5.000000e+00 9.583354e-38 9.761278e-38
-3.125000e-01 5.000000e+00 7.674708e-38 7.815630e-38
0.000000e+00 5.000000e+00 5.150553e-38 5.246918e-38
3.125000e-01 5.000000e+00 2.684982e-38 2.737118e-38
6.250000e-01 5.000000e+00 9.454914e-39 9.644410e-39
9.375000e-01 5.000000e+00 1.507347e-39 1.536764e-39
1.250000e+00 5.000000e+00 1.158924e-41 1.240533e-41
1.562500e+00 5.000000e+00 7.515109e-40 7.697879e-40
1.875000e+00 5.000000e+00 1.353682e-39 1.382573e-39
2.187500e+00 5.000000e+00 1.369399e-39 1.395652e-39
2.500000e+00 5.000000e+00 9.947178e-40 1.013159e-39
2.812500e+00 5.000000e+00 5.051568e-40 5.148070e-40
3.125000e+00 5.000000e+00 1.702191e-40 1.736335e-40
3.437500e+00 5.000000e+00 3.711449e-41 3.789709e-41
3.750000e+00 5.000000e+00 4.737460e-42 4.840181e-42
4.062500e+00 5.000000e+00 3.314666e-43 3.385589e-43
4.375000e+00 5.000000e+00 1.919871e-44 1.941304e-44
4.687500e+00 5.000000e+00 1.192387e-45 1.199095e-45
5.000000e+00 5.000000e+00 1.684980e-46 1.749714e-46

