-4.687500e+00 -4.687500e+00 1.146259e-39 1.140145e-39
-4.375000e+00 -4.687500e+00 1.639375e-38 1.635162e-38
-4.062500e+00 -4.687500e+00 1.251641e-37 1.248999e-37
-3.750000e+00 -4.687500e+00 6.488247e-37 6.474946e-37
-3.437500e+00 -4.687500e+00 3.265250e-36 3.257212e-36
-3.125000e+00 -4.687500e+00 1.424311e-35 1.420793e-35
-2.812500e+00 -4.687500e+00 4.503495e-35 4.492826e-35
-2.500000e+00 -4.687500e+00 1.123220e-34 1.120700e-34
-2.187500e+00 -4.687500e+00 2.445317e-34 2.440120e-34
-1.875000e+00 -4.687500e+00 4.673246e-34 4.663607e-34
-1.562500e+00 -4.687500e+00 7.720544e-34 7.704656e-34
-1.250000e+00 -4.687500e+00 1.136859e-33 1.134500e-33
-9.375000e-01 -4.687500e+00 1.560760e-33 1.557484e-33
-6.250000e-01 -4.687500e+00 2.048788e-33 2.044458e-33
-3.125000e-01 -4.687500e+00 2.578840e-33 2.573365e-33
0.000000e+00 -4.687500e+00 3.109336e-33 3.102720e-33
3.125000e-01 -4.687500e+00 3.582627e-33 3.574999e-33
6.250000e-01 -4.687500e+00 3.904899e-33 3.896582e-33
9.375000e-01 -4.687500e+00 3.943453e-33 3.935054e-33
1.250000e+00 -4.687500e+00 3.572839e-33 3.565219e-33
1.562500e+00 -4.687500e+00 2.788432e-33 2.782467e-33
1.875000e+00 -4.687500e+00 1.794772e-33 1.790913e-33
2.187500e+00 -4.687500e+00 9.110476e-34 9.090718e-34
2.500000e+00 -4.687500e+00 3.490001e-34 3.482319e-34
2.812500e+00 -4.687500e+00 9.700271e-35 9.678531e-35
3.125000e+00 -4.687500e+00 1.869020e-35 1.864673e-35
3.437500e+00 -4.687500e+00 2.392208e-36 2.386406e-36
3.750000e+00 -4.687500e+00 2.024228e-37 2.019191e-37
4.062500e+00 -4.687500e+00 1.087696e-38 1.085059e-38
4.375000e+00 -4.687500e+00 2.262886e-40 2.242421e-40
4.687500e+00 -4.687500e+00 3.116551e-41 3.118892e-41
5.000000e+00 -4.687500e+00 9.013170e-41 9.067880e-41

-4.687500e+00 -4.375000e+00 1.639375e-38 1.637661e-38
-4.375000e+00 -4.375000e+00 2.344627e-37 2.346078e-37
-4.062500e+00 -4.375000e+00 1.790092e-36 1.790698e-36
-3.750000e+00 -4.375000e+00 9.279463e-36 9.279236e-36
-3.437500e+00 -4.375000e+00 4.669946e-35 4.668057e-35
-3.125000e+00 -4.375000e+00 2.037043e-34 2.036254e-34
-2.812500e+00 -4.375000e+00 6.440880e-34 6.438589e-34
-2.500000e+00 -4.375000e+00 1.606424e-33 1.605897e-33
-2.187500e+00 -4.375000e+00 3.497282e-33 3.496265e-33
-1.875000e+00 -4.375000e+00 6.683656e-33 6.681886e-33
-1.562500e+00 -4.375000e+00 1.104189e-32 1.103902e-32
-1.250000e+00 -4.375000e+00 1.625932e-32 1.625503e-32
-9.375000e-01 -4.375000e+00 2.232193e-32 2.231591e-32
-6.250000e-01 -4.375000e+00 2.930168e-32 2.929366e-32
-3.125000e-01 -4.375000e+00 3.688246e-32 3.687220e-32
0.000000e+00 -4.375000e+00 4.446958e-32 4.445704e-32
3.125000e-01 -4.375000e+00 5.123857e-32 5.122403e-32
6.250000e-01 -4.375000e+00 5.584769e-32 5.583184e-32
9.375000e-01 -4.375000e+00 5.639909e-32 5.638319e-32
1.250000e+00 -4.375000e+00 5.109859e-32 5.108432e-32
1.562500e+00 -4.375000e+00 3.988004e-32 3.986893e-32
1.875000e+00 -4.375000e+00 2.566876e-32 2.566152e-32
2.187500e+00 -4.375000e+00 1.302976e-32 1.302593e-32
2.500000e+00 -4.375000e+00 4.991385e-33 4.989763e-33
2.812500e+00 -4.375000e+00 1.387329e-33 1.386814e-33
3.125000e+00 -4.375000e+00 2.673064e-34 2.671829e-34
3.437500e+00 -4.375000e+00 3.421326e-35 3.419273e-35
3.750000e+00 -4.375000e+00 2.895042e-36 2.892920e-36
4.062500e+00 -4.375000e+00 1.555618e-37 1.554731e-37
4.375000e+00 -4.375000e+00 3.236369e-39 3.221168e-39
4.687500e+00 -4.375000e+00 4.457278e-40 4.473209e-40
5.000000e+00 -4.375000e+00 1.289060e-39 1.302121e-39

-4.687500e+00 -4.062500e+00 1.251641e-37 1.251013e-37
-4.375000e+00 -4.062500e+00 1.790092e-36 1.791432e-36
-4.062500e+00 -4.062500e+00 1.366712e-35 1.366987e-35
-3.750000e+00 -4.062500e+00 7.084748e-35 7.083020e-35
-3.437500e+00 -4.062500e+00 3.565443e-34 3.563560e-34
-3.125000e+00 -4.062500e+00 1.555256e-33 1.554510e-33
-2.812500e+00 -4.062500e+00 4.917527e-33 4.915240e-33
-2.500000e+00 -4.062500e+00 1.226484e-32 1.225906e-32
-2.187500e+00 -4.062500e+00 2.670129e-32 2.668886e-32
-1.875000e+00 -4.062500e+00 5.102884e-32 5.100563e-32
-1.562500e+00 -4.062500e+00 8.430338e-32 8.426550e-32
-1.250000e+00 -4.062500e+00 1.241377e-31 1.240824e-31
-9.375000e-01 -4.062500e+00 1.704250e-31 1.703492e-31
-6.250000e-01 -4.062500e+00 2.237145e-31 2.236149e-31
-3.125000e-01 -4.062500e+00 2.815927e-31 2.814665e-31
0.000000e+00 -4.062500e+00 3.395194e-31 3.393661e-31
3.125000e-01 -4.062500e+00 3.911998e-31 3.910222e-31
6.250000e-01 -4.062500e+00 4.263898e-31 4.261962e-31
9.375000e-01 -4.062500e+00 4.305997e-31 4.304051e-31
1.250000e+00 -4.062500e+00 3.901310e-31 3.899564e-31
1.562500e+00 -4.062500e+00 3.044788e-31 3.043436e-31
1.875000e+00 -4.062500e+00 1.959776e-31 1.958903e-31
2.187500e+00 -4.062500e+00 9.948054e-32 9.943530e-32
2.500000e+00 -4.062500e+00 3.810857e-32 3.809010e-32
2.812500e+00 -4.062500e+00 1.059207e-32 1.058642e-32
3.125000e+00 -4.062500e+00 2.040849e-33 2.039568e-33
3.437500e+00 -4.062500e+00 2.612137e-34 2.610097e-34
3.750000e+00 -4.062500e+00 2.210327e-35 2.208201e-35
4.062500e+00 -4.062500e+00 1.187694e-36 1.186772e-36
4.375000e+00 -4.062500e+00 2.470925e-38 2.461921e-38
4.687500e+00 -4.062500e+00 3.403074e-39 3.410090e-39
5.000000e+00 -4.062500e+00 9.841802e-39 9.944448e-39

-4.687500e+00 -3.750000e+00 6.488247e-37 6.484259e-37
-4.375000e+00 -3.750000e+00 9.279463e-36 9.284929e-36
-4.062500e+00 -3.750000e+00 7.084748e-35 7.084851e-35
-3.750000e+00 -3.750000e+00 3.672586e-34 3.671402e-34
-3.437500e+00 -3.750000e+00 1.848251e-33 1.847462e-33
-3.125000e+00 -3.750000e+00 8.062123e-33 8.059504e-33
-2.812500e+00 -3.750000e+00 2.549144e-32 2.548355e-32
-2.500000e+00 -3.750000e+00 6.357836e-32 6.355700e-32
-2.187500e+00 -3.750000e+00 1.384139e-31 1.383644e-31
-1.875000e+00 -3.750000e+00 2.645229e-31 2.644272e-31
-1.562500e+00 -3.750000e+00 4.370112e-31 4.368557e-31
-1.250000e+00 -3.750000e+00 6.435042e-31 6.432812e-31
-9.375000e-01 -3.750000e+00 8.834477e-31 8.831477e-31
-6.250000e-01 -3.750000e+00 1.159689e-30 1.159299e-30
-3.125000e-01 -3.750000e+00 1.459718e-30 1.459224e-30
0.000000e+00 -3.750000e+00 1.759998e-30 1.759397e-30
3.125000e-01 -3.750000e+00 2.027898e-30 2.027201e-30
6.250000e-01 -3.750000e+00 2.210316e-30 2.209555e-30
9.375000e-01 -3.750000e+00 2.232139e-30 2.231375e-30
1.250000e+00 -3.750000e+00 2.022358e-30 2.021676e-30
1.562500e+00 -3.750000e+00 1.578355e-30 1.577832e-30
1.875000e+00 -3.750000e+00 1.015907e-30 1.015573e-30
2.187500e+00 -3.750000e+00 5.156864e-31 5.155139e-31
2.500000e+00 -3.750000e+00 1.975469e-31 1.974758e-31
2.812500e+00 -3.750000e+00 5.490710e-32 5.488472e-32
3.125000e+00 -3.750000e+00 1.057934e-32 1.057407e-32
3.437500e+00 -3.750000e+00 1.354078e-33 1.353196e-33
3.750000e+00 -3.750000e+00 1.145787e-34 1.144790e-34
4.062500e+00 -3.750000e+00 6.156759e-36 6.152506e-36
4.375000e+00 -3.750000e+00 1.280876e-37 1.277645e-37
4.687500e+00 -3.750000e+00 1.764083e-38 1.762528e-38
5.000000e+00 -3.750000e+00 5.101785e-38 5.151704e-38

-4.687500e+00 -3.437500e+00 3.265250e-36 3.259818e-36
-4.375000e+00 -3.437500e+00 4.669946e-35 4.669882e-35
-4.062500e+00 -3.437500e+00 3.565443e-34 3.564304e-34
-3.750000e+00 -3.437500e+00 1.848251e-33 1.847541e-33
-3.437500e+00 -3.437500e+00 9.301437e-33 9.298393e-33
-3.125000e+00 -3.437500e+00 4.057312e-32 4.056565e-32
-2.812500e+00 -3.437500e+00 1.282872e-31 1.282683e-31
-2.500000e+00 -3.437500e+00 3.199620e-31 3.199084e-31
-2.187500e+00 -3.437500e+00 6.965766e-31 6.964418e-31
-1.875000e+00 -3.437500e+00 1.331228e-30 1.330959e-30
-1.562500e+00 -3.437500e+00 2.199285e-30 2.198855e-30
-1.250000e+00 -3.437500e+00 3.238474e-30 3.237873e-30
-9.375000e-01 -3.437500e+00 4.446004e-30 4.445215e-30
-6.250000e-01 -3.437500e+00 5.836208e-30 5.835191e-30
-3.125000e-01 -3.437500e+00 7.346120e-30 7.344835e-30
0.000000e+00 -3.437500e+00 8.857298e-30 8.855726e-30
3.125000e-01 -3.437500e+00 1.020552e-29 1.020368e-29
6.250000e-01 -3.437500e+00 1.112355e-29 1.112154e-29
9.375000e-01 -3.437500e+00 1.123338e-29 1.123136e-29
1.250000e+00 -3.437500e+00 1.017764e-29 1.017587e-29
1.562500e+00 -3.437500e+00 7.943168e-30 7.941835e-30
1.875000e+00 -3.437500e+00 5.112614e-30 5.111777e-30
2.187500e+00 -3.437500e+00 2.595223e-30 2.594791e-30
2.500000e+00 -3.437500e+00 9.941667e-31 9.939810e-31
2.812500e+00 -3.437500e+00 2.763233e-31 2.762600e-31
3.125000e+00 -3.437500e+00 5.324116e-32 5.322456e-32
3.437500e+00 -3.437500e+00 6.814478e-33 6.811419e-33
3.750000e+00 -3.437500e+00 5.766245e-34 5.762333e-34
4.062500e+00 -3.437500e+00 3.098426e-35 3.096731e-35
4.375000e+00 -3.437500e+00 6.446088e-37 6.431081e-37
4.687500e+00 -3.437500e+00 8.877853e-38 8.838913e-38
5.000000e+00 -3.437500e+00 2.567505e-37 2.588865e-37

-4.687500e+00 -3.125000e+00 1.424311e-35 1.421304e-35
-4.375000e+00 -3.125000e+00 2.037043e-34 2.036615e-34
-4.062500e+00 -3.125000e+00 1.555256e-33 1.554683e-33
-3.750000e+00 -3.125000e+00 8.062123e-33 8.059663e-33
-3.437500e+00 -3.125000e+00 4.057312e-32 4.056525e-32
-3.125000e+00 -3.125000e+00 1.769811e-31 1.769735e-31
-2.812500e+00 -3.125000e+00 5.595923e-31 5.595925e-31
-2.500000e+00 -3.125000e+00 1.395683e-30 1.395661e-30
-2.187500e+00 -3.125000e+00 3.038486e-30 3.038362e-30
-1.875000e+00 -3.125000e+00 5.806851e-30 5.806569e-30
-1.562500e+00 -3.125000e+00 9.593342e-30 9.592930e-30
-1.250000e+00 -3.125000e+00 1.412631e-29 1.412584e-29
-9.375000e-01 -3.125000e+00 1.939359e-29 1.939308e-29
-6.250000e-01 -3.125000e+00 2.545770e-29 2.545709e-29
-3.125000e-01 -3.125000e+00 3.204398e-29 3.204318e-29
0.000000e+00 -3.125000e+00 3.863578e-29 3.863470e-29
3.125000e-01 -3.125000e+00 4.451676e-29 4.451540e-29
6.250000e-01 -3.125000e+00 4.852123e-29 4.851968e-29
9.375000e-01 -3.125000e+00 4.900029e-29 4.899881e-29
1.250000e+00 -3.125000e+00 4.439514e-29 4.439402e-29
1.562500e+00 -3.125000e+00 3.464831e-29 3.464767e-29
1.875000e+00 -3.125000e+00 2.230136e-29 2.230105e-29
2.187500e+00 -3.125000e+00 1.132043e-29 1.132026e-29
2.500000e+00 -3.125000e+00 4.336582e-30 4.336436e-30
2.812500e+00 -3.125000e+00 1.205330e-30 1.205241e-30
3.125000e+00 -3.125000e+00 2.322394e-31 2.322039e-31
3.437500e+00 -3.125000e+00 2.972494e-32 2.971657e-32
3.750000e+00 -3.125000e+00 2.515252e-33 2.513963e-33
4.062500e+00 -3.125000e+00 1.351542e-34 1.350989e-34
4.375000e+00 -3.125000e+00 2.811801e-36 2.805272e-36
4.687500e+00 -3.125000e+00 3.872544e-37 3.849938e-37
5.000000e+00 -3.125000e+00 1.119952e-36 1.128621e-36

-4.687500e+00 -2.812500e+00 4.503495e-35 4.493326e-35
-4.375000e+00 -2.812500e+00 6.440880e-34 6.438945e-34
-4.062500e+00 -2.812500e+00 4.917527e-33 4.915472e-33
-3.750000e+00 -2.812500e+00 2.549144e-32 2.548373e-32
-3.437500e+00 -2.812500e+00 1.282872e-31 1.282670e-31
-3.125000e+00 -2.812500e+00 5.595923e-31 5.595910e-31
-2.812500e+00 -2.812500e+00 1.769362e-30 1.769433e-30
-2.500000e+00 -2.812500e+00 4.412977e-30 4.413078e-30
-2.187500e+00 -2.812500e+00 9.607318e-30 9.607289e-30
-1.875000e+00 -2.812500e+00 1.836055e-29 1.836035e-29
-1.562500e+00 -2.812500e+00 3.033297e-29 3.033282e-29
-1.250000e+00 -2.812500e+00 4.466566e-29 4.466584e-29
-9.375000e-01 -2.812500e+00 6.132015e-29 6.132078e-29
-6.250000e-01 -2.812500e+00 8.049410e-29 8.049504e-29
-3.125000e-01 -2.812500e+00 1.013191e-28 1.013201e-28
0.000000e+00 -2.812500e+00 1.221616e-28 1.221623e-28
3.125000e-01 -2.812500e+00 1.407565e-28 1.407569e-28
6.250000e-01 -2.812500e+00 1.534181e-28 1.534184e-28
9.375000e-01 -2.812500e+00 1.549329e-28 1.549333e-28
1.250000e+00 -2.812500e+00 1.403720e-28 1.403731e-28
1.562500e+00 -2.812500e+00 1.095537e-28 1.095553e-28
1.875000e+00 -2.812500e+00 7.051415e-29 7.051554e-29
2.187500e+00 -2.812500e+00 3.579382e-29 3.579448e-29
2.500000e+00 -2.812500e+00 1.371174e-29 1.371175e-29
2.812500e+00 -2.812500e+00 3.811104e-30 3.810957e-30
3.125000e+00 -2.812500e+00 7.343123e-31 7.342264e-31
3.437500e+00 -2.812500e+00 9.398659e-32 9.396370e-32
3.750000e+00 -2.812500e+00 7.952916e-33 7.949097e-33
4.062500e+00 -2.812500e+00 4.273409e-34 4.271751e-34
4.375000e+00 -2.812500e+00 8.890569e-36 8.870864e-36
4.687500e+00 -2.812500e+00 1.224451e-36 1.216291e-36
5.000000e+00 -2.812500e+00 3.541152e-36 3.567655e-36

-4.687500e+00 -2.500000e+00 1.123220e-34 1.120713e-34
-4.375000e+00 -2.500000e+00 1.606424e-33 1.605906e-33
-4.062500e+00 -2.500000e+00 1.226484e-32 1.225920e-32
-3.750000e+00 -2.500000e+00 6.357836e-32 6.355701e-32
-3.437500e+00 -2.500000e+00 3.199620e-31 3.199074e-31
-3.125000e+00 -2.500000e+00 1.395683e-30 1.395662e-30
-2.812500e+00 -2.500000e+00 4.412977e-30 4.413087e-30
-2.500000e+00 -2.500000e+00 1.100644e-29 1.100651e-29
-2.187500e+00 -2.500000e+00 2.396168e-29 2.396122e-29
-1.875000e+00 -2.500000e+00 4.579316e-29 4.579199e-29
-1.562500e+00 -2.500000e+00 7.565365e-29 7.565220e-29
-1.250000e+00 -2.500000e+00 1.114009e-28 1.113997e-28
-9.375000e-01 -2.500000e+00 1.529390e-28 1.529381e-28
-6.250000e-01 -2.500000e+00 2.007609e-28 2.007597e-28
-3.125000e-01 -2.500000e+00 2.527007e-28 2.526984e-28
0.000000e+00 -2.500000e+00 3.046840e-28 3.046799e-28
3.125000e-01 -2.500000e+00 3.510618e-28 3.510557e-28
6.250000e-01 -2.500000e+00 3.826412e-28 3.826339e-28
9.375000e-01 -2.500000e+00 3.864191e-28 3.864122e-28
1.250000e+00 -2.500000e+00 3.501027e-28 3.500981e-28
1.562500e+00 -2.500000e+00 2.732386e-28 2.732368e-28
1.875000e+00 -2.500000e+00 1.758698e-28 1.758695e-28
2.187500e+00 -2.500000e+00 8.927360e-29 8.927330e-29
2.500000e+00 -2.500000e+00 3.419854e-29 3.419781e-29
2.812500e+00 -2.500000e+00 9.505300e-30 9.504712e-30
3.125000e+00 -2.500000e+00 1.831453e-30 1.831195e-30
3.437500e+00 -2.500000e+00 2.344126e-31 2.343496e-31
3.750000e+00 -2.500000e+00 1.983542e-32 1.982523e-32
4.062500e+00 -2.500000e+00 1.065834e-33 1.065385e-33
4.375000e+00 -2.500000e+00 2.217403e-35 2.212820e-35
4.687500e+00 -2.500000e+00 3.053910e-36 3.032329e-36
5.000000e+00 -2.500000e+00 8.832010e-36 8.897685e-36

-4.687500e+00 -2.187500e+00 2.445317e-34 2.440224e-34
-4.375000e+00 -2.187500e+00 3.497282e-33 3.496339e-33
-4.062500e+00 -2.187500e+00 2.670129e-32 2.668908e-32
-3.750000e+00 -2.187500e+00 1.384139e-31 1.383645e-31
-3.437500e+00 -2.187500e+00 6.965766e-31 6.964444e-31
-3.125000e+00 -2.187500e+00 3.038486e-30 3.038379e-30
-2.812500e+00 -2.187500e+00 9.607318e-30 9.607335e-30
-2.500000e+00 -2.187500e+00 2.396168e-29 2.396128e-29
-2.187500e+00 -2.187500e+00 5.216602e-29 5.216391e-29
-1.875000e+00 -2.187500e+00 9.969448e-29 9.968996e-29
-1.562500e+00 -2.187500e+00 1.647026e-28 1.646963e-28
-1.250000e+00 -2.187500e+00 2.425265e-28 2.425192e-28
-9.375000e-01 -2.187500e+00 3.329574e-28 3.329487e-28
-6.250000e-01 -2.187500e+00 4.370685e-28 4.370566e-28
-3.125000e-01 -2.187500e+00 5.501446e-28 5.501273e-28
0.000000e+00 -2.187500e+00 6.633154e-28 6.632912e-28
3.125000e-01 -2.187500e+00 7.642826e-28 7.642515e-28
6.250000e-01 -2.187500e+00 8.330330e-28 8.329973e-28
9.375000e-01 -2.187500e+00 8.412578e-28 8.412224e-28
1.250000e+00 -2.187500e+00 7.621946e-28 7.621660e-28
1.562500e+00 -2.187500e+00 5.948569e-28 5.948383e-28
1.875000e+00 -2.187500e+00 3.828792e-28 3.828688e-28
2.187500e+00 -2.187500e+00 1.943540e-28 1.943482e-28
2.500000e+00 -2.187500e+00 7.445228e-29 7.444865e-29
2.812500e+00 -2.187500e+00 2.069361e-29 2.069173e-29
3.125000e+00 -2.187500e+00 3.987184e-30 3.986499e-30
3.437500e+00 -2.187500e+00 5.103304e-31 5.101757e-31
3.750000e+00 -2.187500e+00 4.318291e-32 4.315897e-32
4.062500e+00 -2.187500e+00 2.320385e-33 2.319328e-33
4.375000e+00 -2.187500e+00 4.827420e-35 4.818077e-35
4.687500e+00 -2.187500e+00 6.648547e-36 6.601879e-36
5.000000e+00 -2.187500e+00 1.922782e-35 1.937343e-35

-4.687500e+00 -1.875000e+00 4.673246e-34 4.664109e-34
-4.375000e+00 -1.875000e+00 6.683656e-33 6.682269e-33
-4.062500e+00 -1.875000e+00 5.102884e-32 5.100676e-32
-3.750000e+00 -1.875000e+00 2.645229e-31 2.644289e-31
-3.437500e+00 -1.875000e+00 1.331228e-30 1.330971e-30
-3.125000e+00 -1.875000e+00 5.806851e-30 5.806621e-30
-2.812500e+00 -1.875000e+00 1.836055e-29 1.836047e-29
-2.500000e+00 -1.875000e+00 4.579316e-29 4.579217e-29
-2.187500e+00 -1.875000e+00 9.969448e-29 9.969012e-29
-1.875000e+00 -1.875000e+00 1.905261e-28 1.905171e-28
-1.562500e+00 -1.875000e+00 3.147631e-28 3.147505e-28
-1.250000e+00 -1.875000e+00 4.634924e-28 4.634775e-28
-9.375000e-01 -1.875000e+00 6.363149e-28 6.362966e-28
-6.250000e-01 -1.875000e+00 8.352817e-28 8.352562e-28
-3.125000e-01 -1.875000e+00 1.051381e-27 1.051344e-27
0.000000e+00 -1.875000e+00 1.267662e-27 1.267611e-27
3.125000e-01 -1.875000e+00 1.460621e-27 1.460555e-27
6.250000e-01 -1.875000e+00 1.592009e-27 1.591934e-27
9.375000e-01 -1.875000e+00 1.607728e-27 1.607653e-27
1.250000e+00 -1.875000e+00 1.456630e-27 1.456569e-27
1.562500e+00 -1.875000e+00 1.136831e-27 1.136790e-27
1.875000e+00 -1.875000e+00 7.317205e-28 7.316966e-28
2.187500e+00 -1.875000e+00 3.714300e-28 3.714167e-28
2.500000e+00 -1.875000e+00 1.422858e-28 1.422778e-28
2.812500e+00 -1.875000e+00 3.954757e-29 3.954364e-29
3.125000e+00 -1.875000e+00 7.619908e-30 7.618527e-30
3.437500e+00 -1.875000e+00 9.752924e-31 9.749852e-31
3.750000e+00 -1.875000e+00 8.252686e-32 8.247987e-32
4.062500e+00 -1.875000e+00 4.434487e-33 4.432427e-33
4.375000e+00 -1.875000e+00 9.225682e-35 9.208476e-35
4.687500e+00 -1.875000e+00 1.270604e-35 1.261905e-35
5.000000e+00 -1.875000e+00 3.674629e-35 3.702991e-35

-4.687500e+00 -1.562500e+00 7.720544e-34 7.705614e-34
-4.375000e+00 -1.562500e+00 1.104189e-32 1.103977e-32
-4.062500e+00 -1.562500e+00 8.430338e-32 8.426787e-32
-3.750000e+00 -1.562500e+00 4.370112e-31 4.368599e-31
-3.437500e+00 -1.562500e+00 2.199285e-30 2.198878e-30
-3.125000e+00 -1.562500e+00 9.593342e-30 9.593021e-30
-2.812500e+00 -1.562500e+00 3.033297e-29 3.033302e-29
-2.500000e+00 -1.562500e+00 7.565365e-29 7.565250e-29
-2.187500e+00 -1.562500e+00 1.647026e-28 1.646966e-28
-1.875000e+00 -1.562500e+00 3.147631e-28 3.147507e-28
-1.562500e+00 -1.562500e+00 5.200116e-28 5.199951e-28
-1.250000e+00 -1.562500e+00 7.657234e-28 7.657048e-28
-9.375000e-01 -1.562500e+00 1.051239e-27 1.051217e-27
-6.250000e-01 -1.562500e+00 1.379947e-27 1.379915e-27
-3.125000e-01 -1.562500e+00 1.736959e-27 1.736910e-27
0.000000e+00 -1.562500e+00 2.094270e-27 2.094201e-27
3.125000e-01 -1.562500e+00 2.413052e-27 2.412961e-27
6.250000e-01 -1.562500e+00 2.630116e-27 2.630010e-27
9.375000e-01 -1.562500e+00 2.656084e-27 2.655979e-27
1.250000e+00 -1.562500e+00 2.406460e-27 2.406375e-27
1.562500e+00 -1.562500e+00 1.878128e-27 1.878073e-27
1.875000e+00 -1.562500e+00 1.208856e-27 1.208824e-27
2.187500e+00 -1.562500e+00 6.136295e-28 6.136114e-28
2.500000e+00 -1.562500e+00 2.350665e-28 2.350548e-28
2.812500e+00 -1.562500e+00 6.533547e-29 6.532936e-29
3.125000e+00 -1.562500e+00 1.258865e-29 1.258643e-29
3.437500e+00 -1.562500e+00 1.611254e-30 1.610755e-30
3.750000e+00 -1.562500e+00 1.363404e-31 1.362634e-31
4.062500e+00 -1.562500e+00 7.326097e-33 7.322731e-33
4.375000e+00 -1.562500e+00 1.524150e-34 1.521314e-34
4.687500e+00 -1.562500e+00 2.099131e-35 2.084814e-35
5.000000e+00 -1.562500e+00 6.070755e-35 6.117801e-35

-4.687500e+00 -1.250000e+00 1.136859e-33 1.134619e-33
-4.375000e+00 -1.250000e+00 1.625932e-32 1.625599e-32
-4.062500e+00 -1.250000e+00 1.241377e-31 1.240857e-31
-3.750000e+00 -1.250000e+00 6.435042e-31 6.432876e-31
-3.437500e+00 -1.250000e+00 3.238474e-30 3.237904e-30
-3.125000e+00 -1.250000e+00 1.412631e-29 1.412595e-29
-2.812500e+00 -1.250000e+00 4.466566e-29 4.466608e-29
-2.500000e+00 -1.250000e+00 1.114009e-28 1.114001e-28
-2.187500e+00 -1.250000e+00 2.425265e-28 2.425196e-28
-1.875000e+00 -1.250000e+00 4.634924e-28 4.634778e-28
-1.562500e+00 -1.250000e+00 7.657234e-28 7.657050e-28
-1.250000e+00 -1.250000e+00 1.127537e-27 1.127518e-27
-9.375000e-01 -1.250000e+00 1.547962e-27 1.547941e-27
-6.250000e-01 -1.250000e+00 2.031988e-27 2.031956e-27
-3.125000e-01 -1.250000e+00 2.557693e-27 2.557640e-27
0.000000e+00 -1.250000e+00 3.083839e-27 3.083758e-27
3.125000e-01 -1.250000e+00 3.553248e-27 3.553139e-27
6.250000e-01 -1.250000e+00 3.872878e-27 3.872750e-27
9.375000e-01 -1.250000e+00 3.911116e-27 3.910989e-27
1.250000e+00 -1.250000e+00 3.543541e-27 3.543441e-27
1.562500e+00 -1.250000e+00 2.765566e-27 2.765505e-27
1.875000e+00 -1.250000e+00 1.780055e-27 1.780021e-27
2.187500e+00 -1.250000e+00 9.035769e-28 9.035569e-28
2.500000e+00 -1.250000e+00 3.461382e-28 3.461237e-28
2.812500e+00 -1.250000e+00 9.620727e-29 9.619903e-29
3.125000e+00 -1.250000e+00 1.853693e-29 1.853382e-29
3.437500e+00 -1.250000e+00 2.372592e-30 2.371878e-30
3.750000e+00 -1.250000e+00 2.007629e-31 2.006515e-31
4.062500e+00 -1.250000e+00 1.078777e-32 1.078289e-32
4.375000e+00 -1.250000e+00 2.244330e-34 2.240089e-34
4.687500e+00 -1.250000e+00 3.090995e-35 3.069719e-35
5.000000e+00 -1.250000e+00 8.939261e-35 9.008206e-35

-4.687500e+00 -9.375000e-01 1.560760e-33 1.557586e-33
-4.375000e+00 -9.375000e-01 2.232193e-32 2.231675e-32
-4.062500e+00 -9.375000e-01 1.704250e-31 1.703522e-31
-3.750000e+00 -9.375000e-01 8.834477e-31 8.831540e-31
-3.437500e+00 -9.375000e-01 4.446004e-30 4.445244e-30
-3.125000e+00 -9.375000e-01 1.939359e-29 1.939318e-29
-2.812500e+00 -9.375000e-01 6.132015e-29 6.132099e-29
-2.500000e+00 -9.375000e-01 1.529390e-28 1.529384e-28
-2.187500e+00 -9.375000e-01 3.329574e-28 3.329490e-28
-1.875000e+00 -9.375000e-01 6.363149e-28 6.362969e-28
-1.562500e+00 -9.375000e-01 1.051239e-27 1.051217e-27
-1.250000e+00 -9.375000e-01 1.547962e-27 1.547941e-27
-9.375000e-01 -9.375000e-01 2.125151e-27 2.125127e-27
-6.250000e-01 -9.375000e-01 2.789655e-27 2.789619e-27
-3.125000e-01 -9.375000e-01 3.511380e-27 3.511318e-27
0.000000e+00 -9.375000e-01 4.233710e-27 4.233611e-27
3.125000e-01 -9.375000e-01 4.878148e-27 4.878013e-27
6.250000e-01 -9.375000e-01 5.316958e-27 5.316798e-27
9.375000e-01 -9.375000e-01 5.369454e-27 5.369296e-27
1.250000e+00 -9.375000e-01 4.864821e-27 4.864700e-27
1.562500e+00 -9.375000e-01 3.796764e-27 3.796691e-27
1.875000e+00 -9.375000e-01 2.443784e-27 2.443746e-27
2.187500e+00 -9.375000e-01 1.240494e-27 1.240471e-27
2.500000e+00 -9.375000e-01 4.752029e-28 4.751847e-28
2.812500e+00 -9.375000e-01 1.320801e-28 1.320694e-28
3.125000e+00 -9.375000e-01 2.544880e-29 2.544466e-29
3.437500e+00 -9.375000e-01 3.257260e-30 3.256300e-30
3.750000e+00 -9.375000e-01 2.756214e-31 2.754706e-31
4.062500e+00 -9.375000e-01 1.481020e-32 1.480357e-32
4.375000e+00 -9.375000e-01 3.081173e-34 3.075225e-34
4.687500e+00 -9.375000e-01 4.243535e-35 4.213887e-35
5.000000e+00 -9.375000e-01 1.227244e-34 1.236624e-34

-4.687500e+00 -6.250000e-01 2.048788e-33 2.044515e-33
-4.375000e+00 -6.250000e-01 2.930168e-32 2.929416e-32
-4.062500e+00 -6.250000e-01 2.237145e-31 2.236169e-31
-3.750000e+00 -6.250000e-01 1.159689e-30 1.159304e-30
-3.437500e+00 -6.250000e-01 5.836208e-30 5.835213e-30
-3.125000e+00 -6.250000e-01 2.545770e-29 2.545716e-29
-2.812500e+00 -6.250000e-01 8.049410e-29 8.049518e-29
-2.500000e+00 -6.250000e-01 2.007609e-28 2.007599e-28
-2.187500e+00 -6.250000e-01 4.370685e-28 4.370568e-28
-1.875000e+00 -6.250000e-01 8.352817e-28 8.352564e-28
-1.562500e+00 -6.250000e-01 1.379947e-27 1.379915e-27
-1.250000e+00 -6.250000e-01 2.031988e-27 2.031956e-27
-9.375000e-01 -6.250000e-01 2.789655e-27 2.789619e-27
-6.250000e-01 -6.250000e-01 3.661942e-27 3.661887e-27
-3.125000e-01 -6.250000e-01 4.609340e-27 4.609249e-27
0.000000e+00 -6.250000e-01 5.557532e-27 5.557391e-27
3.125000e-01 -6.250000e-01 6.403477e-27 6.403287e-27
6.250000e-01 -6.250000e-01 6.979497e-27 6.979273e-27
9.375000e-01 -6.250000e-01 7.048407e-27 7.048187e-27
1.250000e+00 -6.250000e-01 6.385983e-27 6.385812e-27
1.562500e+00 -6.250000e-01 4.983958e-27 4.983855e-27
1.875000e+00 -6.250000e-01 3.207921e-27 3.207867e-27
2.187500e+00 -6.250000e-01 1.628379e-27 1.628347e-27
2.500000e+00 -6.250000e-01 6.237921e-28 6.237678e-28
2.812500e+00 -6.250000e-01 1.733797e-28 1.733655e-28
3.125000e+00 -6.250000e-01 3.340628e-29 3.340085e-29
3.437500e+00 -6.250000e-01 4.275760e-30 4.274505e-30
3.750000e+00 -6.250000e-01 3.618043e-31 3.616072e-31
4.062500e+00 -6.250000e-01 1.944115e-32 1.943243e-32
4.375000e+00 -6.250000e-01 4.044613e-34 4.036673e-34
4.687500e+00 -6.250000e-01 5.570429e-35 5.531042e-35
5.000000e+00 -6.250000e-01 1.610987e-34 1.623204e-34

-4.687500e+00 -3.125000e-01 2.578840e-33 2.573352e-33
-4.375000e+00 -3.125000e-01 3.688246e-32 3.687217e-32
-4.062500e+00 -3.125000e-01 2.815927e-31 2.814667e-31
-3.750000e+00 -3.125000e-01 1.459718e-30 1.459227e-30
-3.437500e+00 -3.125000e-01 7.346120e-30 7.344849e-30
-3.125000e+00 -3.125000e-01 3.204398e-29 3.204320e-29
-2.812500e+00 -3.125000e-01 1.013191e-28 1.013201e-28
-2.500000e+00 -3.125000e-01 2.527007e-28 2.526984e-28
-2.187500e+00 -3.125000e-01 5.501446e-28 5.501274e-28
-1.875000e+00 -3.125000e-01 1.051381e-27 1.051345e-27
-1.562500e+00 -3.125000e-01 1.736959e-27 1.736911e-27
-1.250000e+00 -3.125000e-01 2.557693e-27 2.557640e-27
-9.375000e-01 -3.125000e-01 3.511380e-27 3.511318e-27
-6.250000e-01 -3.125000e-01 4.609340e-27 4.609249e-27
-3.125000e-01 -3.125000e-01 5.801844e-27 5.801702e-27
0.000000e+00 -3.125000e-01 6.995347e-27 6.995137e-27
3.125000e-01 -3.125000e-01 8.060151e-27 8.059872e-27
6.250000e-01 -3.125000e-01 8.785195e-27 8.784871e-27
9.375000e-01 -3.125000e-01 8.871934e-27 8.871615e-27
1.250000e+00 -3.125000e-01 8.038131e-27 8.037878e-27
1.562500e+00 -3.125000e-01 6.273382e-27 6.273223e-27
1.875000e+00 -3.125000e-01 4.037857e-27 4.037772e-27
2.187500e+00 -3.125000e-01 2.049664e-27 2.049615e-27
2.500000e+00 -3.125000e-01 7.851763e-28 7.851426e-28
2.812500e+00 -3.125000e-01 2.182356e-28 2.182170e-28
3.125000e+00 -3.125000e-01 4.204898e-29 4.204201e-29
3.437500e+00 -3.125000e-01 5.381961e-30 5.380368e-30
3.750000e+00 -3.125000e-01 4.554084e-31 4.551594e-31
4.062500e+00 -3.125000e-01 2.447086e-32 2.445979e-32
4.375000e+00 -3.125000e-01 5.091013e-34 5.080906e-34
4.687500e+00 -3.125000e-01 7.011581e-35 6.961457e-35
5.000000e+00 -3.125000e-01 2.027772e-34 2.043049e-34

-4.687500e+00 0.000000e+00 3.109336e-33 3.102624e-33
-4.375000e+00 0.000000e+00 4.446958e-32 4.445640e-32
-4.062500e+00 0.000000e+00 3.395194e-31 3.393640e-31
-3.750000e+00 0.000000e+00 1.759998e-30 1.759397e-30
-3.437500e+00 0.000000e+00 8.857298e-30 8.855731e-30
-3.125000e+00 0.000000e+00 3.863578e-29 3.863469e-29
-2.812500e+00 0.000000e+00 1.221616e-28 1.221623e-28
-2.500000e+00 0.000000e+00 3.046840e-28 3.046798e-28
-2.187500e+00 0.000000e+00 6.633154e-28 6.632912e-28
-1.875000e+00 0.000000e+00 1.267662e-27 1.267611e-27
-1.562500e+00 0.000000e+00 2.094270e-27 2.094201e-27
-1.250000e+00 0.000000e+00 3.083839e-27 3.083758e-27
-9.375000e-01 0.000000e+00 4.233710e-27 4.233612e-27
-6.250000e-01 0.000000e+00 5.557532e-27 5.557392e-27
-3.125000e-01 0.000000e+00 6.995347e-27 6.995137e-27
0.000000e+00 0.000000e+00 8.434366e-27 8.434067e-27
3.125000e-01 0.000000e+00 9.718212e-27 9.717823e-27
6.250000e-01 0.000000e+00 1.059241e-26 1.059196e-26
9.375000e-01 0.000000e+00 1.069699e-26 1.069654e-26
1.250000e+00 0.000000e+00 9.691662e-27 9.691305e-27
1.562500e+00 0.000000e+00 7.563885e-27 7.563654e-27
1.875000e+00 0.000000e+00 4.868489e-27 4.868360e-27
2.187500e+00 0.000000e+00 2.471303e-27 2.471231e-27
2.500000e+00 0.000000e+00 9.466957e-28 9.466504e-28
2.812500e+00 0.000000e+00 2.631290e-28 2.631054e-28
3.125000e+00 0.000000e+00 5.069892e-29 5.069028e-29
3.437500e+00 0.000000e+00 6.489090e-30 6.487143e-30
3.750000e+00 0.000000e+00 5.490910e-31 5.487886e-31
4.062500e+00 0.000000e+00 2.950478e-32 2.949129e-32
4.375000e+00 0.000000e+00 6.138291e-34 6.126024e-34
4.687500e+00 0.000000e+00 8.453940e-35 8.392955e-35
5.000000e+00 0.000000e+00 2.444907e-34 2.463232e-34

-4.687500e+00 3.125000e-01 3.582627e-33 3.574837e-33
-4.375000e+00 3.125000e-01 5.123857e-32 5.122289e-32
-4.062500e+00 3.125000e-01 3.911998e-31 3.910183e-31
-3.750000e+00 3.125000e-01 2.027898e-30 2.027198e-30
-3.437500e+00 3.125000e-01 1.020552e-29 1.020368e-29
-3.125000e+00 3.125000e-01 4.451676e-29 4.451536e-29
-2.812500e+00 3.125000e-01 1.407565e-28 1.407568e-28
-2.500000e+00 3.125000e-01 3.510618e-28 3.510555e-28
-2.187500e+00 3.125000e-01 7.642826e-28 7.642514e-28
-1.875000e+00 3.125000e-01 1.460621e-27 1.460555e-27
-1.562500e+00 3.125000e-01 2.413052e-27 2.412961e-27
-1.250000e+00 3.125000e-01 3.553248e-27 3.553140e-27
-9.375000e-01 3.125000e-01 4.878148e-27 4.878013e-27
-6.250000e-01 3.125000e-01 6.403477e-27 6.403287e-27
-3.125000e-01 3.125000e-01 8.060151e-27 8.059873e-27
0.000000e+00 3.125000e-01 9.718212e-27 9.717823e-27
3.125000e-01 3.125000e-01 1.119748e-26 1.119698e-26
6.250000e-01 3.125000e-01 1.220474e-26 1.220417e-26
9.375000e-01 3.125000e-01 1.232524e-26 1.232467e-26
1.250000e+00 3.125000e-01 1.116689e-26 1.116643e-26
1.562500e+00 3.125000e-01 8.715230e-27 8.714924e-27
1.875000e+00 3.125000e-01 5.609551e-27 5.609378e-27
2.187500e+00 3.125000e-01 2.847475e-27 2.847380e-27
2.500000e+00 3.125000e-01 1.090798e-27 1.090741e-27
2.812500e+00 3.125000e-01 3.031815e-28 3.031530e-28
3.125000e+00 3.125000e-01 5.841611e-29 5.840592e-29
3.437500e+00 3.125000e-01 7.476834e-30 7.474562e-30
3.750000e+00 3.125000e-01 6.326714e-31 6.323208e-31
4.062500e+00 3.125000e-01 3.399588e-32 3.398019e-32
4.375000e+00 3.125000e-01 7.072637e-34 7.058451e-34
4.687500e+00 3.125000e-01 9.740765e-35 9.670170e-35
5.000000e+00 3.125000e-01 2.817062e-34 2.838119e-34

-4.687500e+00 6.250000e-01 3.904899e-33 3.896377e-33
-4.375000e+00 6.250000e-01 5.584769e-32 5.583035e-32
-4.062500e+00 6.250000e-01 4.263898e-31 4.261909e-31
-3.750000e+00 6.250000e-01 2.210316e-30 2.209549e-30
-3.437500e+00 6.250000e-01 1.112355e-29 1.112153e-29
-3.125000e+00 6.250000e-01 4.852123e-29 4.851960e-29
-2.812500e+00 6.250000e-01 1.534181e-28 1.534182e-28
-2.500000e+00 6.250000e-01 3.826412e-28 3.826336e-28
-2.187500e+00 6.250000e-01 8.330330e-28 8.329971e-28
-1.875000e+00 6.250000e-01 1.592009e-27 1.591935e-27
-1.562500e+00 6.250000e-01 2.630116e-27 2.630011e-27
-1.250000e+00 6.250000e-01 3.872878e-27 3.872751e-27
-9.375000e-01 6.250000e-01 5.316958e-27 5.316799e-27
-6.250000e-01 6.250000e-01 6.979497e-27 6.979273e-27
-3.125000e-01 6.250000e-01 8.785195e-27 8.784871e-27
0.000000e+00 6.250000e-01 1.059241e-26 1.059196e-26
3.125000e-01 6.250000e-01 1.220474e-26 1.220417e-26
6.250000e-01 6.250000e-01 1.330261e-26 1.330195e-26
9.375000e-01 6.250000e-01 1.343395e-26 1.343330e-26
1.250000e+00 6.250000e-01 1.217140e-26 1.217086e-26
1.562500e+00 6.250000e-01 9.499201e-27 9.498846e-27
1.875000e+00 6.250000e-01 6.114154e-27 6.113951e-27
2.187500e+00 6.250000e-01 3.103617e-27 3.103507e-27
2.500000e+00 6.250000e-01 1.188920e-27 1.188855e-27
2.812500e+00 6.250000e-01 3.304539e-28 3.304221e-28
3.125000e+00 6.250000e-01 6.367088e-29 6.365965e-29
3.437500e+00 6.250000e-01 8.149406e-30 8.146915e-30
3.750000e+00 6.250000e-01 6.895828e-31 6.891995e-31
4.062500e+00 6.250000e-01 3.705395e-32 3.703678e-32
4.375000e+00 6.250000e-01 7.708850e-34 7.693340e-34
4.687500e+00 6.250000e-01 1.061699e-34 1.053995e-34
5.000000e+00 6.250000e-01 3.070468e-34 3.093393e-34

-4.687500e+00 9.375000e-01 3.943453e-33 3.934850e-33
-4.375000e+00 9.375000e-01 5.639909e-32 5.638168e-32
-4.062500e+00 9.375000e-01 4.305997e-31 4.303998e-31
-3.750000e+00 9.375000e-01 2.232139e-30 2.231368e-30
-3.437500e+00 9.375000e-01 1.123338e-29 1.123134e-29
-3.125000e+00 9.375000e-01 4.900029e-29 4.899870e-29
-2.812500e+00 9.375000e-01 1.549329e-28 1.549331e-28
-2.500000e+00 9.375000e-01 3.864191e-28 3.864119e-28
-2.187500e+00 9.375000e-01 8.412578e-28 8.412222e-28
-1.875000e+00 9.375000e-01 1.607728e-27 1.607653e-27
-1.562500e+00 9.375000e-01 2.656084e-27 2.655980e-27
-1.250000e+00 9.375000e-01 3.911116e-27 3.910990e-27
-9.375000e-01 9.375000e-01 5.369454e-27 5.369297e-27
-6.250000e-01 9.375000e-01 7.048407e-27 7.048188e-27
-3.125000e-01 9.375000e-01 8.871934e-27 8.871615e-27
0.000000e+00 9.375000e-01 1.069699e-26 1.069655e-26
3.125000e-01 9.375000e-01 1.232524e-26 1.232467e-26
6.250000e-01 9.375000e-01 1.343395e-26 1.343330e-26
9.375000e-01 9.375000e-01 1.356659e-26 1.356594e-26
1.250000e+00 9.375000e-01 1.229157e-26 1.229104e-26
1.562500e+00 9.375000e-01 9.592990e-27 9.592642e-27
1.875000e+00 9.375000e-01 6.174521e-27 6.174323e-27
2.187500e+00 9.375000e-01 3.134260e-27 3.134152e-27
2.500000e+00 9.375000e-01 1.200658e-27 1.200595e-27
2.812500e+00 9.375000e-01 3.337166e-28 3.336849e-28
3.125000e+00 9.375000e-01 6.429952e-29 6.428827e-29
3.437500e+00 9.375000e-01 8.229868e-30 8.227363e-30
3.750000e+00 9.375000e-01 6.963913e-31 6.960053e-31
4.062500e+00 9.375000e-01 3.741980e-32 3.740252e-32
4.375000e+00 9.375000e-01 7.784962e-34 7.769268e-34
4.687500e+00 9.375000e-01 1.072181e-34 1.064421e-34
5.000000e+00 9.375000e-01 3.100784e-34 3.123942e-34

-4.687500e+00 1.250000e+00 3.572839e-33 3.565036e-33
-4.375000e+00 1.250000e+00 5.109859e-32 5.108293e-32
-4.062500e+00 1.250000e+00 3.901310e-31 3.899517e-31
-3.750000e+00 1.250000e+00 2.022358e-30 2.021670e-30
-3.437500e+00 1.250000e+00 1.017764e-29 1.017584e-29
-3.125000e+00 1.250000e+00 4.439514e-29 4.439390e-29
-2.812500e+00 1.250000e+00 1.403720e-28 1.403728e-28
-2.500000e+00 1.250000e+00 3.501027e-28 3.500976e-28
-2.187500e+00 1.250000e+00 7.621946e-28 7.621656e-28
-1.875000e+00 1.250000e+00 1.456630e-27 1.456569e-27
-1.562500e+00 1.250000e+00 2.406460e-27 2.406375e-27
-1.250000e+00 1.250000e+00 3.543541e-27 3.543441e-27
-9.375000e-01 1.250000e+00 4.864821e-27 4.864700e-27
-6.250000e-01 1.250000e+00 6.385983e-27 6.385812e-27
-3.125000e-01 1.250000e+00 8.038131e-27 8.037878e-27
0.000000e+00 1.250000e+00 9.691662e-27 9.691305e-27
3.125000e-01 1.250000e+00 1.116689e-26 1.116643e-26
6.250000e-01 1.250000e+00 1.217140e-26 1.217087e-26
9.375000e-01 1.250000e+00 1.229157e-26 1.229104e-26
1.250000e+00 1.250000e+00 1.113638e-26 1.113596e-26
1.562500e+00 1.250000e+00 8.691420e-27 8.691146e-27
1.875000e+00 1.250000e+00 5.594226e-27 5.594074e-27
2.187500e+00 1.250000e+00 2.839695e-27 2.839612e-27
2.500000e+00 1.250000e+00 1.087818e-27 1.087766e-27
2.812500e+00 1.250000e+00 3.023532e-28 3.023260e-28
3.125000e+00 1.250000e+00 5.825652e-29 5.824662e-29
3.437500e+00 1.250000e+00 7.456407e-30 7.454178e-30
3.750000e+00 1.250000e+00 6.309430e-31 6.305971e-31
4.062500e+00 1.250000e+00 3.390300e-32 3.388755e-32
4.375000e+00 1.250000e+00 7.053315e-34 7.039050e-34
4.687500e+00 1.250000e+00 9.714154e-35 9.644061e-35
5.000000e+00 1.250000e+00 2.809366e-34 2.830346e-34

-4.687500e+00 1.562500e+00 2.788432e-33 2.782322e-33
-4.375000e+00 1.562500e+00 3.988004e-32 3.986785e-32
-4.062500e+00 1.562500e+00 3.044788e-31 3.043405e-31
-3.750000e+00 1.562500e+00 1.578355e-30 1.577828e-30
-3.437500e+00 1.562500e+00 7.943168e-30 7.941814e-30
-3.125000e+00 1.562500e+00 3.464831e-29 3.464758e-29
-2.812500e+00 1.562500e+00 1.095537e-28 1.095551e-28
-2.500000e+00 1.562500e+00 2.732386e-28 2.732365e-28
-2.187500e+00 1.562500e+00 5.948569e-28 5.948379e-28
-1.875000e+00 1.562500e+00 1.136831e-27 1.136789e-27
-1.562500e+00 1.562500e+00 1.878128e-27 1.878072e-27
-1.250000e+00 1.562500e+00 2.765566e-27 2.765504e-27
-9.375000e-01 1.562500e+00 3.796764e-27 3.796691e-27
-6.250000e-01 1.562500e+00 4.983958e-27 4.983855e-27
-3.125000e-01 1.562500e+00 6.273382e-27 6.273223e-27
0.000000e+00 1.562500e+00 7.563885e-27 7.563654e-27
3.125000e-01 1.562500e+00 8.715230e-27 8.714925e-27
6.250000e-01 1.562500e+00 9.499201e-27 9.498848e-27
9.375000e-01 1.562500e+00 9.592990e-27 9.592643e-27
1.250000e+00 1.562500e+00 8.691420e-27 8.691147e-27
1.562500e+00 1.562500e+00 6.783243e-27 6.783074e-27
1.875000e+00 1.562500e+00 4.366030e-27 4.365940e-27
2.187500e+00 1.562500e+00 2.216248e-27 2.216198e-27
2.500000e+00 1.562500e+00 8.489906e-28 8.489558e-28
2.812500e+00 1.562500e+00 2.359724e-28 2.359529e-28
3.125000e+00 1.562500e+00 4.546646e-29 4.545909e-29
3.437500e+00 1.562500e+00 5.819374e-30 5.817680e-30
3.750000e+00 1.562500e+00 4.924212e-31 4.921555e-31
4.062500e+00 1.562500e+00 2.645969e-32 2.644785e-32
4.375000e+00 1.562500e+00 5.504779e-34 5.493620e-34
4.687500e+00 1.562500e+00 7.581438e-35 7.526831e-35
5.000000e+00 1.562500e+00 2.192577e-34 2.208933e-34

-4.687500e+00 1.875000e+00 1.794772e-33 1.790811e-33
-4.375000e+00 1.875000e+00 2.566876e-32 2.566080e-32
-4.062500e+00 1.875000e+00 1.959776e-31 1.958888e-31
-3.750000e+00 1.875000e+00 1.015907e-30 1.015572e-30
-3.437500e+00 1.875000e+00 5.112614e-30 5.111768e-30
-3.125000e+00 1.875000e+00 2.230136e-29 2.230101e-29
-2.812500e+00 1.875000e+00 7.051415e-29 7.051544e-29
-2.500000e+00 1.875000e+00 1.758698e-28 1.758693e-28
-2.187500e+00 1.875000e+00 3.828792e-28 3.828684e-28
-1.875000e+00 1.875000e+00 7.317205e-28 7.316960e-28
-1.562500e+00 1.875000e+00 1.208856e-27 1.208823e-27
-1.250000e+00 1.875000e+00 1.780055e-27 1.780021e-27
-9.375000e-01 1.875000e+00 2.443784e-27 2.443746e-27
-6.250000e-01 1.875000e+00 3.207921e-27 3.207867e-27
-3.125000e-01 1.875000e+00 4.037857e-27 4.037772e-27
0.000000e+00 1.875000e+00 4.868489e-27 4.868360e-27
3.125000e-01 1.875000e+00 5.609551e-27 5.609378e-27
6.250000e-01 1.875000e+00 6.114154e-27 6.113952e-27
9.375000e-01 1.875000e+00 6.174521e-27 6.174324e-27
1.250000e+00 1.875000e+00 5.594226e-27 5.594075e-27
1.562500e+00 1.875000e+00 4.366030e-27 4.365941e-27
1.875000e+00 1.875000e+00 2.810192e-27 2.810147e-27
2.187500e+00 1.875000e+00 1.426487e-27 1.426461e-27
2.500000e+00 1.875000e+00 5.464522e-28 5.464326e-28
2.812500e+00 1.875000e+00 1.518835e-28 1.518718e-28
3.125000e+00 1.875000e+00 2.926445e-29 2.925988e-29
3.437500e+00 1.875000e+00 3.745636e-30 3.744570e-30
3.750000e+00 1.875000e+00 3.169466e-31 3.167779e-31
4.062500e+00 1.875000e+00 1.703076e-32 1.702325e-32
4.375000e+00 1.875000e+00 3.543147e-34 3.535944e-34
4.687500e+00 1.875000e+00 4.879787e-35 4.844608e-35
5.000000e+00 1.875000e+00 1.411251e-34 1.421748e-34

-4.687500e+00 2.187500e+00 9.110476e-34 9.090101e-34
-4.375000e+00 2.187500e+00 1.302976e-32 1.302555e-32
-4.062500e+00 2.187500e+00 9.948054e-32 9.943489e-32
-3.750000e+00 2.187500e+00 5.156864e-31 5.155155e-31
-3.437500e+00 2.187500e+00 2.595223e-30 2.594792e-30
-3.125000e+00 2.187500e+00 1.132043e-29 1.132026e-29
-2.812500e+00 2.187500e+00 3.579382e-29 3.579447e-29
-2.500000e+00 2.187500e+00 8.927360e-29 8.927321e-29
-2.187500e+00 2.187500e+00 1.943540e-28 1.943480e-28
-1.875000e+00 2.187500e+00 3.714300e-28 3.714163e-28
-1.562500e+00 2.187500e+00 6.136295e-28 6.136109e-28
-1.250000e+00 2.187500e+00 9.035769e-28 9.035564e-28
-9.375000e-01 2.187500e+00 1.240494e-27 1.240470e-27
-6.250000e-01 2.187500e+00 1.628379e-27 1.628347e-27
-3.125000e-01 2.187500e+00 2.049664e-27 2.049615e-27
0.000000e+00 2.187500e+00 2.471303e-27 2.471231e-27
3.125000e-01 2.187500e+00 2.847475e-27 2.847380e-27
6.250000e-01 2.187500e+00 3.103617e-27 3.103507e-27
9.375000e-01 2.187500e+00 3.134260e-27 3.134153e-27
1.250000e+00 2.187500e+00 2.839695e-27 2.839612e-27
1.562500e+00 2.187500e+00 2.216248e-27 2.216199e-27
1.875000e+00 2.187500e+00 1.426487e-27 1.426462e-27
2.187500e+00 2.187500e+00 7.241014e-28 7.240877e-28
2.500000e+00 2.187500e+00 2.773856e-28 2.773754e-28
2.812500e+00 2.187500e+00 7.709784e-29 7.709187e-29
3.125000e+00 2.187500e+00 1.485498e-29 1.485266e-29
3.437500e+00 2.187500e+00 1.901329e-30 1.900789e-30
3.750000e+00 2.187500e+00 1.608858e-31 1.608004e-31
4.062500e+00 2.187500e+00 8.645017e-33 8.641211e-33
4.375000e+00 2.187500e+00 1.798543e-34 1.794873e-34
4.687500e+00 2.187500e+00 2.477038e-35 2.459087e-35
5.000000e+00 2.187500e+00 7.163675e-35 7.216682e-35

-4.687500e+00 2.500000e+00 3.490001e-34 3.482027e-34
-4.375000e+00 2.500000e+00 4.991385e-33 4.989611e-33
-4.062500e+00 2.500000e+00 3.810857e-32 3.809017e-32
-3.750000e+00 2.500000e+00 1.975469e-31 1.974776e-31
-3.437500e+00 2.500000e+00 9.941667e-31 9.939856e-31
-3.125000e+00 2.500000e+00 4.336582e-30 4.336450e-30
-2.812500e+00 2.500000e+00 1.371174e-29 1.371178e-29
-2.500000e+00 2.500000e+00 3.419854e-29 3.419780e-29
-2.187500e+00 2.500000e+00 7.445228e-29 7.444854e-29
-1.875000e+00 2.500000e+00 1.422858e-28 1.422776e-28
-1.562500e+00 2.500000e+00 2.350665e-28 2.350546e-28
-1.250000e+00 2.500000e+00 3.461382e-28 3.461234e-28
-9.375000e-01 2.500000e+00 4.752029e-28 4.751846e-28
-6.250000e-01 2.500000e+00 6.237921e-28 6.237677e-28
-3.125000e-01 2.500000e+00 7.851763e-28 7.851426e-28
0.000000e+00 2.500000e+00 9.466957e-28 9.466504e-28
3.125000e-01 2.500000e+00 1.090798e-27 1.090741e-27
6.250000e-01 2.500000e+00 1.188920e-27 1.188855e-27
9.375000e-01 2.500000e+00 1.200658e-27 1.200595e-27
1.250000e+00 2.500000e+00 1.087818e-27 1.087766e-27
1.562500e+00 2.500000e+00 8.489906e-28 8.489561e-28
1.875000e+00 2.500000e+00 5.464522e-28 5.464328e-28
2.187500e+00 2.500000e+00 2.773856e-28 2.773754e-28
2.500000e+00 2.500000e+00 1.062596e-28 1.062539e-28
2.812500e+00 2.500000e+00 2.953430e-29 2.953152e-29
3.125000e+00 2.500000e+00 5.690581e-30 5.689600e-30
3.437500e+00 2.500000e+00 7.283527e-31 7.281347e-31
3.750000e+00 2.500000e+00 6.163143e-32 6.159782e-32
4.062500e+00 2.500000e+00 3.311695e-33 3.310187e-33
4.375000e+00 2.500000e+00 6.889781e-35 6.875636e-35
4.687500e+00 2.500000e+00 9.488927e-36 9.419360e-36
5.000000e+00 2.500000e+00 2.744229e-35 2.764354e-35

-4.687500e+00 2.812500e+00 9.700271e-35 9.677523e-35
-4.375000e+00 2.812500e+00 1.387329e-33 1.386772e-33
-4.062500e+00 2.812500e+00 1.059207e-32 1.058652e-32
-3.750000e+00 2.812500e+00 5.490710e-32 5.488573e-32
-3.437500e+00 2.812500e+00 2.763233e-31 2.762629e-31
-3.125000e+00 2.812500e+00 1.205330e-30 1.205250e-30
-2.812500e+00 2.812500e+00 3.811104e-30 3.810974e-30
-2.500000e+00 2.812500e+00 9.505300e-30 9.504718e-30
-2.187500e+00 2.812500e+00 2.069361e-29 2.069170e-29
-1.875000e+00 2.812500e+00 3.954757e-29 3.954358e-29
-1.562500e+00 2.812500e+00 6.533547e-29 6.532930e-29
-1.250000e+00 2.812500e+00 9.620727e-29 9.619898e-29
-9.375000e-01 2.812500e+00 1.320801e-28 1.320693e-28
-6.250000e-01 2.812500e+00 1.733797e-28 1.733655e-28
-3.125000e-01 2.812500e+00 2.182356e-28 2.182170e-28
0.000000e+00 2.812500e+00 2.631290e-28 2.631053e-28
3.125000e-01 2.812500e+00 3.031815e-28 3.031529e-28
6.250000e-01 2.812500e+00 3.304539e-28 3.304221e-28
9.375000e-01 2.812500e+00 3.337166e-28 3.336850e-28
1.250000e+00 2.812500e+00 3.023532e-28 3.023261e-28
1.562500e+00 2.812500e+00 2.359724e-28 2.359531e-28
1.875000e+00 2.812500e+00 1.518835e-28 1.518719e-28
2.187500e+00 2.812500e+00 7.709784e-29 7.709190e-29
2.500000e+00 2.812500e+00 2.953430e-29 2.953153e-29
2.812500e+00 2.812500e+00 8.208900e-30 8.207806e-30
3.125000e+00 2.812500e+00 1.581667e-30 1.581333e-30
3.437500e+00 2.812500e+00 2.024417e-31 2.023734e-31
3.750000e+00 2.812500e+00 1.713013e-32 1.712014e-32
4.062500e+00 2.812500e+00 9.204678e-34 9.200140e-34
4.375000e+00 2.812500e+00 1.914978e-35 1.910999e-35
4.687500e+00 2.812500e+00 2.637396e-36 2.617799e-36
5.000000e+00 2.812500e+00 7.627438e-36 7.682781e-36

-4.687500e+00 3.125000e+00 1.869020e-35 1.864392e-35
-4.375000e+00 3.125000e+00 2.673064e-34 2.671716e-34
-4.062500e+00 3.125000e+00 2.040849e-33 2.039594e-33
-3.750000e+00 3.125000e+00 1.057934e-32 1.057435e-32
-3.437500e+00 3.125000e+00 5.324116e-32 5.322549e-32
-3.125000e+00 3.125000e+00 2.322394e-31 2.322069e-31
-2.812500e+00 3.125000e+00 7.343123e-31 7.342322e-31
-2.500000e+00 3.125000e+00 1.831453e-30 1.831199e-30
-2.187500e+00 3.125000e+00 3.987184e-30 3.986494e-30
-1.875000e+00 3.125000e+00 7.619908e-30 7.618516e-30
-1.562500e+00 3.125000e+00 1.258865e-29 1.258642e-29
-1.250000e+00 3.125000e+00 1.853693e-29 1.853382e-29
-9.375000e-01 3.125000e+00 2.544880e-29 2.544466e-29
-6.250000e-01 3.125000e+00 3.340628e-29 3.340086e-29
-3.125000e-01 3.125000e+00 4.204898e-29 4.204202e-29
0.000000e+00 3.125000e+00 5.069892e-29 5.069029e-29
3.125000e-01 3.125000e+00 5.841611e-29 5.840592e-29
6.250000e-01 3.125000e+00 6.367088e-29 6.365965e-29
9.375000e-01 3.125000e+00 6.429952e-29 6.428828e-29
1.250000e+00 3.125000e+00 5.825652e-29 5.824666e-29
1.562500e+00 3.125000e+00 4.546646e-29 4.545912e-29
1.875000e+00 3.125000e+00 2.926445e-29 2.925991e-29
2.187500e+00 3.125000e+00 1.485498e-29 1.485268e-29
2.500000e+00 3.125000e+00 5.690581e-30 5.689605e-30
2.812500e+00 3.125000e+00 1.581667e-30 1.581334e-30
3.125000e+00 3.125000e+00 3.047508e-31 3.046633e-31
3.437500e+00 3.125000e+00 3.900587e-32 3.898979e-32
3.750000e+00 3.125000e+00 3.300582e-33 3.298412e-33
4.062500e+00 3.125000e+00 1.773530e-34 1.772522e-34
4.375000e+00 3.125000e+00 3.689722e-36 3.681832e-36
4.687500e+00 3.125000e+00 5.081657e-37 5.042721e-37
5.000000e+00 3.125000e+00 1.469632e-36 1.480062e-36

-4.687500e+00 3.437500e+00 2.392208e-36 2.385978e-36
-4.375000e+00 3.437500e+00 3.421326e-35 3.419170e-35
-4.062500e+00 3.437500e+00 2.612137e-34 2.610191e-34
-3.750000e+00 3.437500e+00 1.354078e-33 1.353264e-33
-3.437500e+00 3.437500e+00 6.814478e-33 6.811653e-33
-3.125000e+00 3.437500e+00 2.972494e-32 2.971731e-32
-2.812500e+00 3.437500e+00 9.398659e-32 9.396511e-32
-2.500000e+00 3.437500e+00 2.344126e-31 2.343507e-31
-2.187500e+00 3.437500e+00 5.103304e-31 5.101755e-31
-1.875000e+00 3.437500e+00 9.752924e-31 9.749845e-31
-1.562500e+00 3.437500e+00 1.611254e-30 1.610755e-30
-1.250000e+00 3.437500e+00 2.372592e-30 2.371879e-30
-9.375000e-01 3.437500e+00 3.257260e-30 3.256303e-30
-6.250000e-01 3.437500e+00 4.275760e-30 4.274508e-30
-3.125000e-01 3.437500e+00 5.381961e-30 5.380370e-30
0.000000e+00 3.437500e+00 6.489090e-30 6.487142e-30
3.125000e-01 3.437500e+00 7.476834e-30 7.474559e-30
6.250000e-01 3.437500e+00 8.149406e-30 8.146911e-30
9.375000e-01 3.437500e+00 8.229868e-30 8.227362e-30
1.250000e+00 3.437500e+00 7.456407e-30 7.454181e-30
1.562500e+00 3.437500e+00 5.819374e-30 5.817686e-30
1.875000e+00 3.437500e+00 3.745636e-30 3.744575e-30
2.187500e+00 3.437500e+00 1.901329e-30 1.900792e-30
2.500000e+00 3.437500e+00 7.283527e-31 7.281358e-31
2.812500e+00 3.437500e+00 2.024417e-31 2.023737e-31
3.125000e+00 3.437500e+00 3.900587e-32 3.898981e-32
3.437500e+00 3.437500e+00 4.992466e-33 4.989787e-33
3.750000e+00 3.437500e+00 4.224503e-34 4.221196e-34
4.062500e+00 3.437500e+00 2.269989e-35 2.268418e-35
4.375000e+00 3.437500e+00 4.722574e-37 4.712312e-37
4.687500e+00 3.437500e+00 6.504149e-38 6.452549e-38
5.000000e+00 3.437500e+00 1.881022e-37 1.894038e-37

-4.687500e+00 3.750000e+00 2.024228e-37 2.018662e-37
-4.375000e+00 3.750000e+00 2.895042e-36 2.892740e-36
-4.062500e+00 3.750000e+00 2.210327e-35 2.208259e-35
-3.750000e+00 3.750000e+00 1.145787e-34 1.144852e-34
-3.437500e+00 3.750000e+00 5.766245e-34 5.762526e-34
-3.125000e+00 3.750000e+00 2.515252e-33 2.514014e-33
-2.812500e+00 3.750000e+00 7.952916e-33 7.949180e-33
-2.500000e+00 3.750000e+00 1.983542e-32 1.982528e-32
-2.187500e+00 3.750000e+00 4.318291e-32 4.315900e-32
-1.875000e+00 3.750000e+00 8.252686e-32 8.248007e-32
-1.562500e+00 3.750000e+00 1.363404e-31 1.362639e-31
-1.250000e+00 3.750000e+00 2.007629e-31 2.006522e-31
-9.375000e-01 3.750000e+00 2.756214e-31 2.754713e-31
-6.250000e-01 3.750000e+00 3.618043e-31 3.616078e-31
-3.125000e-01 3.750000e+00 4.554084e-31 4.551598e-31
0.000000e+00 3.750000e+00 5.490910e-31 5.487887e-31
3.125000e-01 3.750000e+00 6.326714e-31 6.323205e-31
6.250000e-01 3.750000e+00 6.895828e-31 6.891991e-31
9.375000e-01 3.750000e+00 6.963913e-31 6.960051e-31
1.250000e+00 3.750000e+00 6.309430e-31 6.305971e-31
1.562500e+00 3.750000e+00 4.924212e-31 4.921556e-31
1.875000e+00 3.750000e+00 3.169466e-31 3.167779e-31
2.187500e+00 3.750000e+00 1.608858e-31 1.608004e-31
2.500000e+00 3.750000e+00 6.163143e-32 6.159775e-32
2.812500e+00 3.750000e+00 1.713013e-32 1.712011e-32
3.125000e+00 3.750000e+00 3.300582e-33 3.298401e-33
3.437500e+00 3.750000e+00 4.224503e-34 4.221180e-34
3.750000e+00 3.750000e+00 3.574671e-35 3.570981e-35
4.062500e+00 3.750000e+00 1.920809e-36 1.919008e-36
4.375000e+00 3.750000e+00 3.996127e-38 3.986563e-38
4.687500e+00 3.750000e+00 5.503652e-39 5.459653e-39
5.000000e+00 3.750000e+00 1.591674e-38 1.602512e-38

-4.687500e+00 4.062500e+00 1.087696e-38 1.084437e-38
-4.375000e+00 4.062500e+00 1.555618e-37 1.554273e-37
-4.062500e+00 4.062500e+00 1.187694e-36 1.186612e-36
-3.750000e+00 4.062500e+00 6.156759e-36 6.152198e-36
-3.437500e+00 4.062500e+00 3.098426e-35 3.096683e-35
-3.125000e+00 4.062500e+00 1.351542e-34 1.350994e-34
-2.812500e+00 4.062500e+00 4.273409e-34 4.271800e-34
-2.500000e+00 4.062500e+00 1.065834e-33 1.065392e-33
-2.187500e+00 4.062500e+00 2.320385e-33 2.319324e-33
-1.875000e+00 4.062500e+00 4.434487e-33 4.432397e-33
-1.562500e+00 4.062500e+00 7.326097e-33 7.322680e-33
-1.250000e+00 4.062500e+00 1.078777e-32 1.078284e-32
-9.375000e-01 4.062500e+00 1.481020e-32 1.480356e-32
-6.250000e-01 4.062500e+00 1.944115e-32 1.943247e-32
-3.125000e-01 4.062500e+00 2.447086e-32 2.445990e-32
0.000000e+00 4.062500e+00 2.950478e-32 2.949145e-32
3.125000e-01 4.062500e+00 3.399588e-32 3.398040e-32
6.250000e-01 4.062500e+00 3.705395e-32 3.703702e-32
9.375000e-01 4.062500e+00 3.741980e-32 3.740277e-32
1.250000e+00 4.062500e+00 3.390300e-32 3.388780e-32
1.562500e+00 4.062500e+00 2.645969e-32 2.644807e-32
1.875000e+00 4.062500e+00 1.703076e-32 1.702341e-32
2.187500e+00 4.062500e+00 8.645017e-33 8.641302e-33
2.500000e+00 4.062500e+00 3.311695e-33 3.310226e-33
2.812500e+00 4.062500e+00 9.204678e-34 9.200270e-34
3.125000e+00 4.062500e+00 1.773530e-34 1.772551e-34
3.437500e+00 4.062500e+00 2.269989e-35 2.268464e-35
3.750000e+00 4.062500e+00 1.920809e-36 1.919066e-36
4.062500e+00 4.062500e+00 1.032125e-37 1.031278e-37
4.375000e+00 4.062500e+00 2.147273e-39 2.141910e-39
4.687500e+00 4.062500e+00 2.957325e-40 2.933215e-40
5.000000e+00 4.062500e+00 8.552682e-40 8.608622e-40

-4.687500e+00 4.375000e+00 2.262886e-40 2.236321e-40
-4.375000e+00 4.375000e+00 3.236369e-39 3.215968e-39
-4.062500e+00 4.375000e+00 2.470925e-38 2.459871e-38
-3.750000e+00 4.375000e+00 1.280876e-37 1.277025e-37
-3.437500e+00 4.375000e+00 6.446088e-37 6.429663e-37
-3.125000e+00 4.375000e+00 2.811801e-36 2.805234e-36
-2.812500e+00 4.375000e+00 8.890569e-36 8.871408e-36
-2.500000e+00 4.375000e+00 2.217403e-35 2.212880e-35
-2.187500e+00 4.375000e+00 4.827420e-35 4.817834e-35
-1.875000e+00 4.375000e+00 9.225682e-35 9.207563e-35
-1.562500e+00 4.375000e+00 1.524150e-34 1.521161e-34
-1.250000e+00 4.375000e+00 2.244330e-34 2.239920e-34
-9.375000e-01 4.375000e+00 3.081173e-34 3.075096e-34
-6.250000e-01 4.375000e+00 4.044613e-34 4.036621e-34
-3.125000e-01 4.375000e+00 5.091013e-34 5.080947e-34
0.000000e+00 4.375000e+00 6.138291e-34 6.126154e-34
3.125000e-01 4.375000e+00 7.072637e-34 7.058650e-34
6.250000e-01 4.375000e+00 7.708850e-34 7.693589e-34
9.375000e-01 4.375000e+00 7.784962e-34 7.769542e-34
1.250000e+00 4.375000e+00 7.053315e-34 7.039336e-34
1.562500e+00 4.375000e+00 5.504779e-34 5.493879e-34
1.875000e+00 4.375000e+00 3.543147e-34 3.536142e-34
2.187500e+00 4.375000e+00 1.798543e-34 1.794992e-34
2.500000e+00 4.375000e+00 6.889781e-35 6.876171e-35
2.812500e+00 4.375000e+00 1.914978e-35 1.911178e-35
3.125000e+00 4.375000e+00 3.689722e-36 3.682251e-36
3.437500e+00 4.375000e+00 4.722574e-37 4.712940e-37
3.750000e+00 4.375000e+00 3.996127e-38 3.987455e-38
4.062500e+00 4.375000e+00 2.147273e-39 2.142233e-39
4.375000e+00 4.375000e+00 4.467272e-41 4.430292e-41
4.687500e+00 4.375000e+00 6.152536e-42 6.026384e-42
5.000000e+00 4.375000e+00 1.779334e-41 1.775173e-41

-4.687500e+00 4.687500e+00 3.116551e-41 3.099225e-41
-4.375000e+00 4.687500e+00 4.457278e-40 4.442157e-40
-4.062500e+00 4.687500e+00 3.403074e-39 3.391354e-39
-3.750000e+00 4.687500e+00 1.764083e-38 1.755833e-38
-3.437500e+00 4.687500e+00 8.877853e-38 8.816622e-38
-3.125000e+00 4.687500e+00 3.872544e-37 3.843061e-37
-2.812500e+00 4.687500e+00 1.224451e-36 1.215066e-36
-2.500000e+00 4.687500e+00 3.053910e-36 3.031341e-36
-2.187500e+00 4.687500e+00 6.648547e-36 6.602053e-36
-1.875000e+00 4.687500e+00 1.270604e-35 1.262022e-35
-1.562500e+00 4.687500e+00 2.099131e-35 2.084978e-35
-1.250000e+00 4.687500e+00 3.090995e-35 3.069884e-35
-9.375000e-01 4.687500e+00 4.243535e-35 4.214084e-35
-6.250000e-01 4.687500e+00 5.570429e-35 5.531351e-35
-3.125000e-01 4.687500e+00 7.011581e-35 6.962044e-35
0.000000e+00 4.687500e+00 8.453940e-35 8.393970e-35
3.125000e-01 4.687500e+00 9.740765e-35 9.671579e-35
6.250000e-01 4.687500e+00 1.061699e-34 1.054154e-34
9.375000e-01 4.687500e+00 1.072181e-34 1.064562e-34
1.250000e+00 4.687500e+00 9.714154e-35 9.644979e-35
1.562500e+00 4.687500e+00 7.581438e-35 7.527209e-35
1.875000e+00 4.687500e+00 4.879787e-35 4.844639e-35
2.187500e+00 4.687500e+00 2.477038e-35 2.459020e-35
2.500000e+00 4.687500e+00 9.488927e-36 9.418994e-36
2.812500e+00 4.687500e+00 2.637396e-36 2.617711e-36
3.125000e+00 4.687500e+00 5.081657e-37 5.042825e-37
3.437500e+00 4.687500e+00 6.504149e-38 6.453323e-38
3.750000e+00 4.687500e+00 5.503652e-39 5.461171e-39
4.062500e+00 4.687500e+00 2.957325e-40 2.934497e-40
4.375000e+00 4.687500e+00 6.152536e-42 6.012567e-42
4.687500e+00 4.687500e+00 8.473558e-43 8.625835e-43
5.000000e+00 4.687500e+00 2.450581e-42 2.481195e-42

-4.687500e+00 5.000000e+00 9.013170e-41 9.092258e-41
-4.375000e+00 5.000000e+00 1.289060e-39 1.301507e-39
-4.062500e+00 5.000000e+00 9.841802e-39 9.930759e-39
-3.750000e+00 5.000000e+00 5.101785e-38 5.143766e-38
-3.437500e+00 5.000000e+00 2.567505e-37 2.587062e-37
-3.125000e+00 5.000000e+00 1.119952e-36 1.128471e-36
-2.812500e+00 5.000000e+00 3.541152e-36 3.568040e-36
-2.500000e+00 5.000000e+00 8.832010e-36 8.898839e-36
-2.187500e+00 5.000000e+00 1.922782e-35 1.937335e-35
-1.875000e+00 5.000000e+00 3.674629e-35 3.702482e-35
-1.562500e+00 5.000000e+00 6.070755e-35 6.116772e-35
-1.250000e+00 5.000000e+00 8.939261e-35 9.007009e-35
-9.375000e-01 5.000000e+00 1.227244e-34 1.236544e-34
-6.250000e-01 5.000000e+00 1.610987e-34 1.623196e-34
-3.125000e-01 5.000000e+00 2.027772e-34 2.043138e-34
0.000000e+00 5.000000e+00 2.444907e-34 2.463426e-34
3.125000e-01 5.000000e+00 2.817062e-34 2.838397e-34
6.250000e-01 5.000000e+00 3.070468e-34 3.093727e-34
9.375000e-01 5.000000e+00 3.100784e-34 3.124286e-34
1.250000e+00 5.000000e+00 2.809366e-34 2.830680e-34
1.562500e+00 5.000000e+00 2.192577e-34 2.209224e-34
1.875000e+00 5.000000e+00 1.411251e-34 1.421967e-34
2.187500e+00 5.000000e+00 7.163675e-35 7.218022e-35
2.500000e+00 5.000000e+00 2.744229e-35 2.764972e-35
2.812500e+00 5.000000e+00 7.627438e-36 7.684794e-36
3.125000e+00 5.000000e+00 1.469632e-36 1.480561e-36
3.437500e+00 5.000000e+00 1.881022e-37 1.894741e-37
3.750000e+00 5.000000e+00 1.591674e-38 1.603185e-38
4.062500e+00 5.000000e+00 8.552682e-40 8.617059e-40
4.375000e+00 5.000000e+00 1.779334e-41 1.785931e-41
4.687500e+00 5.000000e+00 2.450581e-42 2.500526e-42
5.000000e+00 5.000000e+00 7.087162e-42 7.226376e-42

