-4.687500e+00 -4.687500e+00 4.156416e-48 4.313372e-47
-4.375000e+00 -4.687500e+00 2.031419e-45 2.105009e-45
-4.062500e+00 -4.687500e+00 1.751728e-43 1.764597e-43
-3.750000e+00 -4.687500e+00 2.982510e-42 2.934283e-42
-3.437500e+00 -4.687500e+00 3.070437e-41 3.047707e-41
-3.125000e+00 -4.687500e+00 1.974001e-40 1.969481e-40
-2.812500e+00 -4.687500e+00 8.245965e-40 8.258559e-40
-2.500000e+00 -4.687500e+00 2.473742e-39 2.478719e-39
-2.187500e+00 -4.687500e+00 5.959834e-39 5.964650e-39
-1.875000e+00 -4.687500e+00 1.217373e-38 1.217677e-38
-1.562500e+00 -4.687500e+00 2.056767e-38 2.058002e-38
-1.250000e+00 -4.687500e+00 2.767990e-38 2.769790e-38
-9.375000e-01 -4.687500e+00 2.992278e-38 2.992983e-38
-6.250000e-01 -4.687500e+00 2.835295e-38 2.836044e-38
-3.125000e-01 -4.687500e+00 2.724516e-38 2.727622e-38
0.000000e+00 -4.687500e+00 2.844769e-38 2.848092e-38
3.125000e-01 -4.687500e+00 3.053717e-38 3.057455e-38
6.250000e-01 -4.687500e+00 3.138152e-38 3.143577e-38
9.375000e-01 -4.687500e+00 2.895507e-38 2.900688e-38
1.250000e+00 -4.687500e+00 2.277700e-38 2.282201e-38
1.562500e+00 -4.687500e+00 1.506310e-38 1.510290e-38
1.875000e+00 -4.687500e+00 8.293569e-39 8.320492e-39
2.187500e+00 -4.687500e+00 3.652722e-39 3.667748e-39
2.500000e+00 -4.687500e+00 1.233661e-39 1.240901e-39
2.812500e+00 -4.687500e+00 3.100620e-40 3.122557e-40
3.125000e+00 -4.687500e+00 5.431497e-41 5.483201e-41
3.437500e+00 -4.687500e+00 6.064797e-42 6.150750e-42
3.750000e+00 -4.687500e+00 4.673930e-43 4.778470e-43
4.062500e+00 -4.687500e+00 2.844074e-44 2.737207e-44
4.375000e+00 -4.687500e+00 2.035379e-46 3.351282e-46
4.687500e+00 -4.687500e+00 3.829579e-46 5.478828e-46
5.000000e+00 -4.687500e+00 8.181285e-47 1.314516e-46

-4.687500e+00 -4.375000e+00 2.031419e-45 4.163597e-45
-4.375000e+00 -4.375000e+00 9.928418e-43 9.923700e-43
-4.062500e+00 -4.375000e+00 8.561447e-41 8.523249e-41
-3.750000e+00 -4.375000e+00 1.457681e-39 1.451757e-39
-3.437500e+00 -4.375000e+00 1.500654e-38 1.491930e-38
-3.125000e+00 -4.375000e+00 9.647790e-38 9.583050e-38
-2.812500e+00 -4.375000e+00 4.030158e-37 4.001551e-37
-2.500000e+00 -4.375000e+00 1.209024e-36 1.200458e-36
-2.187500e+00 -4.375000e+00 2.912827e-36 2.892404e-36
-1.875000e+00 -4.375000e+00 5.949827e-36 5.908311e-36
-1.562500e+00 -4.375000e+00 1.005230e-35 9.981909e-36
-1.250000e+00 -4.375000e+00 1.352836e-35 1.343342e-35
-9.375000e-01 -4.375000e+00 1.462455e-35 1.452181e-35
-6.250000e-01 -4.375000e+00 1.385731e-35 1.375906e-35
-3.125000e-01 -4.375000e+00 1.331588e-35 1.322060e-35
0.000000e+00 -4.375000e+00 1.390361e-35 1.380487e-35
3.125000e-01 -4.375000e+00 1.492483e-35 1.481885e-35
6.250000e-01 -4.375000e+00 1.533750e-35 1.522829e-35
9.375000e-01 -4.375000e+00 1.415159e-35 1.405128e-35
1.250000e+00 -4.375000e+00 1.113210e-35 1.105282e-35
1.562500e+00 -4.375000e+00 7.361986e-36 7.309170e-36
1.875000e+00 -4.375000e+00 4.053424e-36 4.024182e-36
2.187500e+00 -4.375000e+00 1.785242e-36 1.772183e-36
2.500000e+00 -4.375000e+00 6.029433e-37 5.984323e-37
2.812500e+00 -4.375000e+00 1.515406e-37 1.503912e-37
3.125000e+00 -4.375000e+00 2.654606e-38 2.633440e-38
3.437500e+00 -4.375000e+00 2.964127e-39 2.939171e-39
3.750000e+00 -4.375000e+00 2.284350e-40 2.262938e-40
4.062500e+00 -4.375000e+00 1.390021e-41 1.388140e-41
4.375000e+00 -4.375000e+00 9.947773e-44 8.875685e-44
4.687500e+00 -4.375000e+00 1.871680e-43 1.782832e-43
5.000000e+00 -4.375000e+00 3.998546e-44 3.591940e-44

-4.687500e+00 -4.062500e+00 1.751728e-43 1.826134e-43
-4.375000e+00 -4.062500e+00 8.561447e-41 8.497749e-41
-4.062500e+00 -4.062500e+00 7.382684e-39 7.376692e-39
-3.750000e+00 -4.062500e+00 1.256984e-37 1.256060e-37
-3.437500e+00 -4.062500e+00 1.294040e-36 1.293146e-36
-3.125000e+00 -4.062500e+00 8.319457e-36 8.313807e-36
-2.812500e+00 -4.062500e+00 3.475275e-35 3.472796e-35
-2.500000e+00 -4.062500e+00 1.042562e-34 1.041744e-34
-2.187500e+00 -4.062500e+00 2.511781e-34 2.509666e-34
-1.875000e+00 -4.062500e+00 5.130639e-34 5.126283e-34
-1.562500e+00 -4.062500e+00 8.668276e-34 8.661067e-34
-1.250000e+00 -4.062500e+00 1.166574e-33 1.165610e-33
-9.375000e-01 -4.062500e+00 1.261100e-33 1.260031e-33
-6.250000e-01 -4.062500e+00 1.194940e-33 1.193881e-33
-3.125000e-01 -4.062500e+00 1.148251e-33 1.147219e-33
0.000000e+00 -4.062500e+00 1.198932e-33 1.197869e-33
3.125000e-01 -4.062500e+00 1.286994e-33 1.285856e-33
6.250000e-01 -4.062500e+00 1.322579e-33 1.321421e-33
9.375000e-01 -4.062500e+00 1.220316e-33 1.219261e-33
1.250000e+00 -4.062500e+00 9.599403e-34 9.590992e-34
1.562500e+00 -4.062500e+00 6.348368e-34 6.342724e-34
1.875000e+00 -4.062500e+00 3.495338e-34 3.492212e-34
2.187500e+00 -4.062500e+00 1.539445e-34 1.538035e-34
2.500000e+00 -4.062500e+00 5.199285e-35 5.194313e-35
2.812500e+00 -4.062500e+00 1.306761e-35 1.305455e-35
3.125000e+00 -4.062500e+00 2.289113e-36 2.286541e-36
3.437500e+00 -4.062500e+00 2.556018e-37 2.552496e-37
3.750000e+00 -4.062500e+00 1.969835e-38 1.966967e-38
4.062500e+00 -4.062500e+00 1.198639e-39 1.197520e-39
4.375000e+00 -4.062500e+00 8.578138e-42 8.449077e-42
4.687500e+00 -4.062500e+00 1.613982e-41 1.622569e-41
5.000000e+00 -4.062500e+00 3.448015e-42 3.409380e-42

-4.687500e+00 -3.750000e+00 2.982510e-42 2.943136e-42
-4.375000e+00 -3.750000e+00 1.457681e-39 1.448929e-39
-4.062500e+00 -3.750000e+00 1.256984e-37 1.256217e-37
-3.750000e+00 -3.750000e+00 2.140153e-36 2.138551e-36
-3.437500e+00 -3.750000e+00 2.203247e-35 2.201849e-35
-3.125000e+00 -3.750000e+00 1.416479e-34 1.415664e-34
-2.812500e+00 -3.750000e+00 5.917039e-34 5.913771e-34
-2.500000e+00 -3.750000e+00 1.775078e-33 1.774036e-33
-2.187500e+00 -3.750000e+00 4.276585e-33 4.273884e-33
-1.875000e+00 -3.750000e+00 8.735479e-33 8.729891e-33
-1.562500e+00 -3.750000e+00 1.475870e-32 1.474948e-32
-1.250000e+00 -3.750000e+00 1.986221e-32 1.984989e-32
-9.375000e-01 -3.750000e+00 2.147163e-32 2.145791e-32
-6.250000e-01 -3.750000e+00 2.034517e-32 2.033158e-32
-3.125000e-01 -3.750000e+00 1.955025e-32 1.953708e-32
0.000000e+00 -3.750000e+00 2.041315e-32 2.039953e-32
3.125000e-01 -3.750000e+00 2.191249e-32 2.189788e-32
6.250000e-01 -3.750000e+00 2.251837e-32 2.250357e-32
9.375000e-01 -3.750000e+00 2.077723e-32 2.076379e-32
1.250000e+00 -3.750000e+00 1.634404e-32 1.633338e-32
1.562500e+00 -3.750000e+00 1.080880e-32 1.080171e-32
1.875000e+00 -3.750000e+00 5.951198e-33 5.947294e-33
2.187500e+00 -3.750000e+00 2.621076e-33 2.619319e-33
2.500000e+00 -3.750000e+00 8.852356e-34 8.846224e-34
2.812500e+00 -3.750000e+00 2.224905e-34 2.223287e-34
3.125000e+00 -3.750000e+00 3.897468e-35 3.894247e-35
3.437500e+00 -3.750000e+00 4.351903e-36 4.347505e-36
3.750000e+00 -3.750000e+00 3.353862e-37 3.350347e-37
4.062500e+00 -3.750000e+00 2.040816e-38 2.038477e-38
4.375000e+00 -3.750000e+00 1.460523e-40 1.442756e-40
4.687500e+00 -3.750000e+00 2.747983e-40 2.768753e-40
5.000000e+00 -3.750000e+00 5.870627e-41 5.768656e-41

-4.687500e+00 -3.437500e+00 3.070437e-41 2.892524e-41
-4.375000e+00 -3.437500e+00 1.500654e-38 1.490332e-38
-4.062500e+00 -3.437500e+00 1.294040e-36 1.293063e-36
-3.750000e+00 -3.437500e+00 2.203247e-35 2.201500e-35
-3.437500e+00 -3.437500e+00 2.268200e-34 2.266938e-34
-3.125000e+00 -3.437500e+00 1.458238e-33 1.457605e-33
-2.812500e+00 -3.437500e+00 6.091478e-33 6.089107e-33
-2.500000e+00 -3.437500e+00 1.827408e-32 1.826631e-32
-2.187500e+00 -3.437500e+00 4.402662e-32 4.400584e-32
-1.875000e+00 -3.437500e+00 8.993008e-32 8.988678e-32
-1.562500e+00 -3.437500e+00 1.519379e-31 1.518672e-31
-1.250000e+00 -3.437500e+00 2.044776e-31 2.043836e-31
-9.375000e-01 -3.437500e+00 2.210463e-31 2.209412e-31
-6.250000e-01 -3.437500e+00 2.094496e-31 2.093448e-31
-3.125000e-01 -3.437500e+00 2.012660e-31 2.011641e-31
0.000000e+00 -3.437500e+00 2.101494e-31 2.100430e-31
3.125000e-01 -3.437500e+00 2.255849e-31 2.254704e-31
6.250000e-01 -3.437500e+00 2.318223e-31 2.317066e-31
9.375000e-01 -3.437500e+00 2.138976e-31 2.137926e-31
1.250000e+00 -3.437500e+00 1.682588e-31 1.681756e-31
1.562500e+00 -3.437500e+00 1.112745e-31 1.112192e-31
1.875000e+00 -3.437500e+00 6.126644e-32 6.123598e-32
2.187500e+00 -3.437500e+00 2.698347e-32 2.696976e-32
2.500000e+00 -3.437500e+00 9.113331e-33 9.108525e-33
2.812500e+00 -3.437500e+00 2.290497e-33 2.289208e-33
3.125000e+00 -3.437500e+00 4.012368e-34 4.009768e-34
3.437500e+00 -3.437500e+00 4.480200e-35 4.476475e-35
3.750000e+00 -3.437500e+00 3.452736e-36 3.449850e-36
4.062500e+00 -3.437500e+00 2.100981e-37 2.098118e-37
4.375000e+00 -3.437500e+00 1.503580e-39 1.496590e-39
4.687500e+00 -3.437500e+00 2.828996e-39 2.855771e-39
5.000000e+00 -3.437500e+00 6.043697e-40 6.002140e-40

-4.687500e+00 -3.125000e+00 1.974001e-40 1.836436e-40
-4.375000e+00 -3.125000e+00 9.647790e-38 9.573328e-38
-4.062500e+00 -3.125000e+00 8.319457e-36 8.312060e-36
-3.750000e+00 -3.125000e+00 1.416479e-34 1.415365e-34
-3.437500e+00 -3.125000e+00 1.458238e-33 1.457520e-33
-3.125000e+00 -3.125000e+00 9.375094e-33 9.371875e-33
-2.812500e+00 -3.125000e+00 3.916245e-32 3.915070e-32
-2.500000e+00 -3.125000e+00 1.174851e-31 1.174445e-31
-2.187500e+00 -3.125000e+00 2.830496e-31 2.829385e-31
-1.875000e+00 -3.125000e+00 5.781654e-31 5.779338e-31
-1.562500e+00 -3.125000e+00 9.768174e-31 9.764425e-31
-1.250000e+00 -3.125000e+00 1.314598e-30 1.314102e-30
-9.375000e-01 -3.125000e+00 1.421119e-30 1.420562e-30
-6.250000e-01 -3.125000e+00 1.346563e-30 1.346004e-30
-3.125000e-01 -3.125000e+00 1.293950e-30 1.293403e-30
0.000000e+00 -3.125000e+00 1.351062e-30 1.350487e-30
3.125000e-01 -3.125000e+00 1.450298e-30 1.449679e-30
6.250000e-01 -3.125000e+00 1.490398e-30 1.489774e-30
9.375000e-01 -3.125000e+00 1.375159e-30 1.374592e-30
1.250000e+00 -3.125000e+00 1.081745e-30 1.081295e-30
1.562500e+00 -3.125000e+00 7.153899e-31 7.150893e-31
1.875000e+00 -3.125000e+00 3.938853e-31 3.937193e-31
2.187500e+00 -3.125000e+00 1.734782e-31 1.734032e-31
2.500000e+00 -3.125000e+00 5.859010e-32 5.856347e-32
2.812500e+00 -3.125000e+00 1.472573e-32 1.471846e-32
3.125000e+00 -3.125000e+00 2.579573e-33 2.578083e-33
3.437500e+00 -3.125000e+00 2.880345e-34 2.878104e-34
3.750000e+00 -3.125000e+00 2.219783e-35 2.218065e-35
4.062500e+00 -3.125000e+00 1.350732e-36 1.348823e-36
4.375000e+00 -3.125000e+00 9.666598e-39 9.661124e-39
4.687500e+00 -3.125000e+00 1.818777e-38 1.836559e-38
5.000000e+00 -3.125000e+00 3.885526e-39 3.892478e-39

-4.687500e+00 -2.812500e+00 8.245965e-40 7.804936e-40
-4.375000e+00 -2.812500e+00 4.030158e-37 3.997797e-37
-4.062500e+00 -2.812500e+00 3.475275e-35 3.472002e-35
-3.750000e+00 -2.812500e+00 5.917039e-34 5.912689e-34
-3.437500e+00 -2.812500e+00 6.091478e-33 6.088709e-33
-3.125000e+00 -2.812500e+00 3.916245e-32 3.915009e-32
-2.812500e+00 -2.812500e+00 1.635927e-31 1.635459e-31
-2.500000e+00 -2.812500e+00 4.907688e-31 4.906026e-31
-2.187500e+00 -2.812500e+00 1.182379e-30 1.181925e-30
-1.875000e+00 -2.812500e+00 2.415162e-30 2.414221e-30
-1.562500e+00 -2.812500e+00 4.080445e-30 4.078923e-30
-1.250000e+00 -2.812500e+00 5.491451e-30 5.489436e-30
-9.375000e-01 -2.812500e+00 5.936419e-30 5.934155e-30
-6.250000e-01 -2.812500e+00 5.624978e-30 5.622699e-30
-3.125000e-01 -2.812500e+00 5.405201e-30 5.402955e-30
0.000000e+00 -2.812500e+00 5.643773e-30 5.641418e-30
3.125000e-01 -2.812500e+00 6.058307e-30 6.055777e-30
6.250000e-01 -2.812500e+00 6.225819e-30 6.223259e-30
9.375000e-01 -2.812500e+00 5.744433e-30 5.742105e-30
1.250000e+00 -2.812500e+00 4.518758e-30 4.516907e-30
1.562500e+00 -2.812500e+00 2.988388e-30 2.987145e-30
1.875000e+00 -2.812500e+00 1.645372e-30 1.644682e-30
2.187500e+00 -2.812500e+00 7.246680e-31 7.243545e-31
2.500000e+00 -2.812500e+00 2.447476e-31 2.446350e-31
2.812500e+00 -2.812500e+00 6.151360e-32 6.148264e-32
3.125000e+00 -2.812500e+00 1.077562e-32 1.076920e-32
3.437500e+00 -2.812500e+00 1.203203e-33 1.202222e-33
3.750000e+00 -2.812500e+00 9.272668e-35 9.265004e-35
4.062500e+00 -2.812500e+00 5.642394e-36 5.634983e-36
4.375000e+00 -2.812500e+00 4.038014e-38 4.035593e-38
4.687500e+00 -2.812500e+00 7.597551e-38 7.663487e-38
5.000000e+00 -2.812500e+00 1.623095e-38 1.631358e-38

-4.687500e+00 -2.500000e+00 2.473742e-39 2.408754e-39
-4.375000e+00 -2.500000e+00 1.209024e-36 1.199528e-36
-4.062500e+00 -2.500000e+00 1.042562e-34 1.041580e-34
-3.750000e+00 -2.500000e+00 1.775078e-33 1.773854e-33
-3.437500e+00 -2.500000e+00 1.827408e-32 1.826567e-32
-3.125000e+00 -2.500000e+00 1.174851e-31 1.174441e-31
-2.812500e+00 -2.500000e+00 4.907688e-31 4.906043e-31
-2.500000e+00 -2.500000e+00 1.472278e-30 1.471706e-30
-2.187500e+00 -2.500000e+00 3.547069e-30 3.545541e-30
-1.875000e+00 -2.500000e+00 7.245348e-30 7.242204e-30
-1.562500e+00 -2.500000e+00 1.224110e-29 1.223598e-29
-1.250000e+00 -2.500000e+00 1.647404e-29 1.646724e-29
-9.375000e-01 -2.500000e+00 1.780891e-29 1.780131e-29
-6.250000e-01 -2.500000e+00 1.687461e-29 1.686698e-29
-3.125000e-01 -2.500000e+00 1.621529e-29 1.620777e-29
0.000000e+00 -2.500000e+00 1.693100e-29 1.692314e-29
3.125000e-01 -2.500000e+00 1.817457e-29 1.816614e-29
6.250000e-01 -2.500000e+00 1.867710e-29 1.866854e-29
9.375000e-01 -2.500000e+00 1.723297e-29 1.722518e-29
1.250000e+00 -2.500000e+00 1.355601e-29 1.354981e-29
1.562500e+00 -2.500000e+00 8.964992e-30 8.960821e-30
1.875000e+00 -2.500000e+00 4.936020e-30 4.933702e-30
2.187500e+00 -2.500000e+00 2.173963e-30 2.172906e-30
2.500000e+00 -2.500000e+00 7.342288e-31 7.338481e-31
2.812500e+00 -2.500000e+00 1.845373e-31 1.844331e-31
3.125000e+00 -2.500000e+00 3.232623e-32 3.230469e-32
3.437500e+00 -2.500000e+00 3.609539e-33 3.606297e-33
3.750000e+00 -2.500000e+00 2.781747e-34 2.779143e-34
4.062500e+00 -2.500000e+00 1.692686e-35 1.690701e-35
4.375000e+00 -2.500000e+00 1.211381e-37 1.207658e-37
4.687500e+00 -2.500000e+00 2.279222e-37 2.295162e-37
5.000000e+00 -2.500000e+00 4.869193e-38 4.887910e-38

-4.687500e+00 -2.187500e+00 5.959834e-39 5.920025e-39
-4.375000e+00 -2.187500e+00 2.912827e-36 2.891340e-36
-4.062500e+00 -2.187500e+00 2.511781e-34 2.509547e-34
-3.750000e+00 -2.187500e+00 4.276585e-33 4.273779e-33
-3.437500e+00 -2.187500e+00 4.402662e-32 4.400566e-32
-3.125000e+00 -2.187500e+00 2.830496e-31 2.829396e-31
-2.812500e+00 -2.187500e+00 1.182379e-30 1.181928e-30
-2.500000e+00 -2.187500e+00 3.547069e-30 3.545542e-30
-2.187500e+00 -2.187500e+00 8.545734e-30 8.541723e-30
-1.875000e+00 -2.187500e+00 1.745577e-29 1.744753e-29
-1.562500e+00 -2.187500e+00 2.949173e-29 2.947826e-29
-1.250000e+00 -2.187500e+00 3.968988e-29 3.967194e-29
-9.375000e-01 -2.187500e+00 4.290592e-29 4.288589e-29
-6.250000e-01 -2.187500e+00 4.065495e-29 4.063494e-29
-3.125000e-01 -2.187500e+00 3.906650e-29 3.904679e-29
0.000000e+00 -2.187500e+00 4.079080e-29 4.077027e-29
3.125000e-01 -2.187500e+00 4.378688e-29 4.376485e-29
6.250000e-01 -2.187500e+00 4.499758e-29 4.497518e-29
9.375000e-01 -2.187500e+00 4.151833e-29 4.149796e-29
1.250000e+00 -2.187500e+00 3.265967e-29 3.264345e-29
1.562500e+00 -2.187500e+00 2.159880e-29 2.158790e-29
1.875000e+00 -2.187500e+00 1.189205e-29 1.188599e-29
2.187500e+00 -2.187500e+00 5.237593e-30 5.234831e-30
2.500000e+00 -2.187500e+00 1.768932e-30 1.767939e-30
2.812500e+00 -2.187500e+00 4.445942e-31 4.443239e-31
3.125000e+00 -2.187500e+00 7.788158e-32 7.782588e-32
3.437500e+00 -2.187500e+00 8.696238e-33 8.688011e-33
3.750000e+00 -2.187500e+00 6.701892e-34 6.695158e-34
4.062500e+00 -2.187500e+00 4.078083e-35 4.073748e-35
4.375000e+00 -2.187500e+00 2.918506e-37 2.901572e-37
4.687500e+00 -2.187500e+00 5.491188e-37 5.522997e-37
5.000000e+00 -2.187500e+00 1.173105e-37 1.173149e-37

-4.687500e+00 -1.875000e+00 1.217373e-38 1.214384e-38
-4.375000e+00 -1.875000e+00 5.949827e-36 5.907923e-36
-4.062500e+00 -1.875000e+00 5.130639e-34 5.126360e-34
-3.750000e+00 -1.875000e+00 8.735479e-33 8.729891e-33
-3.437500e+00 -1.875000e+00 8.993008e-32 8.988714e-32
-3.125000e+00 -1.875000e+00 5.781654e-31 5.779359e-31
-2.812500e+00 -1.875000e+00 2.415162e-30 2.414225e-30
-2.500000e+00 -1.875000e+00 7.245348e-30 7.242204e-30
-2.187500e+00 -1.875000e+00 1.745577e-29 1.744752e-29
-1.875000e+00 -1.875000e+00 3.565567e-29 3.563870e-29
-1.562500e+00 -1.875000e+00 6.024068e-29 6.021288e-29
-1.250000e+00 -1.875000e+00 8.107172e-29 8.103470e-29
-9.375000e-01 -1.875000e+00 8.764090e-29 8.759959e-29
-6.250000e-01 -1.875000e+00 8.304301e-29 8.300173e-29
-3.125000e-01 -1.875000e+00 7.979839e-29 7.975775e-29
0.000000e+00 -1.875000e+00 8.332050e-29 8.327820e-29
3.125000e-01 -1.875000e+00 8.944037e-29 8.939495e-29
6.250000e-01 -1.875000e+00 9.191339e-29 9.186722e-29
9.375000e-01 -1.875000e+00 8.480657e-29 8.476461e-29
1.250000e+00 -1.875000e+00 6.671160e-29 6.667821e-29
1.562500e+00 -1.875000e+00 4.411835e-29 4.409592e-29
1.875000e+00 -1.875000e+00 2.429105e-29 2.427859e-29
2.187500e+00 -1.875000e+00 1.069846e-29 1.069279e-29
2.500000e+00 -1.875000e+00 3.613273e-30 3.611235e-30
2.812500e+00 -1.875000e+00 9.081413e-31 9.075880e-31
3.125000e+00 -1.875000e+00 1.590832e-31 1.589693e-31
3.437500e+00 -1.875000e+00 1.776319e-32 1.774647e-32
3.750000e+00 -1.875000e+00 1.368948e-33 1.367572e-33
4.062500e+00 -1.875000e+00 8.330014e-35 8.321499e-35
4.375000e+00 -1.875000e+00 5.961426e-37 5.919836e-37
4.687500e+00 -1.875000e+00 1.121646e-36 1.127882e-36
5.000000e+00 -1.875000e+00 2.396218e-37 2.389943e-37

-4.687500e+00 -1.562500e+00 2.056767e-38 2.040338e-38
-4.375000e+00 -1.562500e+00 1.005230e-35 9.981346e-36
-4.062500e+00 -1.562500e+00 8.668276e-34 8.661089e-34
-3.750000e+00 -1.562500e+00 1.475870e-32 1.474918e-32
-3.437500e+00 -1.562500e+00 1.519379e-31 1.518663e-31
-3.125000e+00 -1.562500e+00 9.768174e-31 9.764410e-31
-2.812500e+00 -1.562500e+00 4.080445e-30 4.078923e-30
-2.500000e+00 -1.562500e+00 1.224110e-29 1.223598e-29
-2.187500e+00 -1.562500e+00 2.949173e-29 2.947822e-29
-1.875000e+00 -1.562500e+00 6.024068e-29 6.021283e-29
-1.562500e+00 -1.562500e+00 1.017774e-28 1.017318e-28
-1.250000e+00 -1.562500e+00 1.369716e-28 1.369110e-28
-9.375000e-01 -1.562500e+00 1.480703e-28 1.480026e-28
-6.250000e-01 -1.562500e+00 1.403022e-28 1.402344e-28
-3.125000e-01 -1.562500e+00 1.348203e-28 1.347536e-28
0.000000e+00 -1.562500e+00 1.407710e-28 1.407015e-28
3.125000e-01 -1.562500e+00 1.511106e-28 1.510359e-28
6.250000e-01 -1.562500e+00 1.552888e-28 1.552129e-28
9.375000e-01 -1.562500e+00 1.432817e-28 1.432128e-28
1.250000e+00 -1.562500e+00 1.127100e-28 1.126552e-28
1.562500e+00 -1.562500e+00 7.453848e-29 7.450167e-29
1.875000e+00 -1.562500e+00 4.104002e-29 4.101958e-29
2.187500e+00 -1.562500e+00 1.807518e-29 1.806587e-29
2.500000e+00 -1.562500e+00 6.104668e-30 6.101325e-30
2.812500e+00 -1.562500e+00 1.534316e-30 1.533407e-30
3.125000e+00 -1.562500e+00 2.687730e-31 2.685857e-31
3.437500e+00 -1.562500e+00 3.001113e-32 2.998354e-32
3.750000e+00 -1.562500e+00 2.312854e-33 2.310592e-33
4.062500e+00 -1.562500e+00 1.407366e-34 1.405896e-34
4.375000e+00 -1.562500e+00 1.007190e-36 1.000681e-36
4.687500e+00 -1.562500e+00 1.895035e-36 1.906180e-36
5.000000e+00 -1.562500e+00 4.048439e-37 4.038803e-37

-4.687500e+00 -1.250000e+00 2.767990e-38 2.730396e-38
-4.375000e+00 -1.250000e+00 1.352836e-35 1.342980e-35
-4.062500e+00 -1.250000e+00 1.166574e-33 1.165552e-33
-3.750000e+00 -1.250000e+00 1.986221e-32 1.984898e-32
-3.437500e+00 -1.250000e+00 2.044776e-31 2.043806e-31
-3.125000e+00 -1.250000e+00 1.314598e-30 1.314099e-30
-2.812500e+00 -1.250000e+00 5.491451e-30 5.489439e-30
-2.500000e+00 -1.250000e+00 1.647404e-29 1.646722e-29
-2.187500e+00 -1.250000e+00 3.968988e-29 3.967187e-29
-1.875000e+00 -1.250000e+00 8.107172e-29 8.103463e-29
-1.562500e+00 -1.250000e+00 1.369716e-28 1.369110e-28
-1.250000e+00 -1.250000e+00 1.843360e-28 1.842554e-28
-9.375000e-01 -1.250000e+00 1.992726e-28 1.991826e-28
-6.250000e-01 -1.250000e+00 1.888182e-28 1.887281e-28
-3.125000e-01 -1.250000e+00 1.814408e-28 1.813521e-28
0.000000e+00 -1.250000e+00 1.894491e-28 1.893566e-28
3.125000e-01 -1.250000e+00 2.033641e-28 2.032648e-28
6.250000e-01 -1.250000e+00 2.089871e-28 2.088862e-28
9.375000e-01 -1.250000e+00 1.928281e-28 1.927363e-28
1.250000e+00 -1.250000e+00 1.516848e-28 1.516118e-28
1.562500e+00 -1.250000e+00 1.003137e-28 1.002646e-28
1.875000e+00 -1.250000e+00 5.523153e-29 5.520430e-29
2.187500e+00 -1.250000e+00 2.432552e-29 2.431312e-29
2.500000e+00 -1.250000e+00 8.215643e-30 8.211188e-30
2.812500e+00 -1.250000e+00 2.064877e-30 2.063665e-30
3.125000e+00 -1.250000e+00 3.617139e-31 3.614639e-31
3.437500e+00 -1.250000e+00 4.038888e-32 4.035190e-32
3.750000e+00 -1.250000e+00 3.112632e-33 3.109616e-33
4.062500e+00 -1.250000e+00 1.894029e-34 1.891964e-34
4.375000e+00 -1.250000e+00 1.355473e-36 1.348221e-36
4.687500e+00 -1.250000e+00 2.550332e-36 2.565974e-36
5.000000e+00 -1.250000e+00 5.448377e-37 5.446279e-37

-4.687500e+00 -9.375000e-01 2.992278e-38 2.955803e-38
-4.375000e+00 -9.375000e-01 1.462455e-35 1.451537e-35
-4.062500e+00 -9.375000e-01 1.261100e-33 1.259925e-33
-3.750000e+00 -9.375000e-01 2.147163e-32 2.145692e-32
-3.437500e+00 -9.375000e-01 2.210463e-31 2.209384e-31
-3.125000e+00 -9.375000e-01 1.421119e-30 1.420562e-30
-2.812500e+00 -9.375000e-01 5.936419e-30 5.934160e-30
-2.500000e+00 -9.375000e-01 1.780891e-29 1.780126e-29
-2.187500e+00 -9.375000e-01 4.290592e-29 4.288581e-29
-1.875000e+00 -9.375000e-01 8.764090e-29 8.759958e-29
-1.562500e+00 -9.375000e-01 1.480703e-28 1.480028e-28
-1.250000e+00 -9.375000e-01 1.992726e-28 1.991827e-28
-9.375000e-01 -9.375000e-01 2.154195e-28 2.153192e-28
-6.250000e-01 -9.375000e-01 2.041180e-28 2.040179e-28
-3.125000e-01 -9.375000e-01 1.961428e-28 1.960442e-28
0.000000e+00 -9.375000e-01 2.048000e-28 2.046972e-28
3.125000e-01 -9.375000e-01 2.198426e-28 2.197321e-28
6.250000e-01 -9.375000e-01 2.259212e-28 2.258089e-28
9.375000e-01 -9.375000e-01 2.084528e-28 2.083505e-28
1.250000e+00 -9.375000e-01 1.639757e-28 1.638944e-28
1.562500e+00 -9.375000e-01 1.084420e-28 1.083873e-28
1.875000e+00 -9.375000e-01 5.970690e-29 5.967653e-29
2.187500e+00 -9.375000e-01 2.629660e-29 2.628277e-29
2.500000e+00 -9.375000e-01 8.881350e-30 8.876380e-30
2.812500e+00 -9.375000e-01 2.232192e-30 2.230840e-30
3.125000e+00 -9.375000e-01 3.910232e-31 3.907452e-31
3.437500e+00 -9.375000e-01 4.366156e-32 4.362049e-32
3.750000e+00 -9.375000e-01 3.364846e-33 3.361495e-33
4.062500e+00 -9.375000e-01 2.047500e-34 2.045228e-34
4.375000e+00 -9.375000e-01 1.465306e-36 1.458173e-36
4.687500e+00 -9.375000e-01 2.756983e-36 2.773353e-36
5.000000e+00 -9.375000e-01 5.889854e-37 5.896859e-37

-4.687500e+00 -6.250000e-01 2.835295e-38 2.821957e-38
-4.375000e+00 -6.250000e-01 1.385731e-35 1.375451e-35
-4.062500e+00 -6.250000e-01 1.194940e-33 1.193806e-33
-3.750000e+00 -6.250000e-01 2.034517e-32 2.033116e-32
-3.437500e+00 -6.250000e-01 2.094496e-31 2.093438e-31
-3.125000e+00 -6.250000e-01 1.346563e-30 1.346004e-30
-2.812500e+00 -6.250000e-01 5.624978e-30 5.622686e-30
-2.500000e+00 -6.250000e-01 1.687461e-29 1.686691e-29
-2.187500e+00 -6.250000e-01 4.065495e-29 4.063486e-29
-1.875000e+00 -6.250000e-01 8.304301e-29 8.300177e-29
-1.562500e+00 -6.250000e-01 1.403022e-28 1.402345e-28
-1.250000e+00 -6.250000e-01 1.888182e-28 1.887281e-28
-9.375000e-01 -6.250000e-01 2.041180e-28 2.040178e-28
-6.250000e-01 -6.250000e-01 1.934094e-28 1.933096e-28
-3.125000e-01 -6.250000e-01 1.858526e-28 1.857542e-28
0.000000e+00 -6.250000e-01 1.940557e-28 1.939531e-28
3.125000e-01 -6.250000e-01 2.083090e-28 2.081989e-28
6.250000e-01 -6.250000e-01 2.140687e-28 2.139566e-28
9.375000e-01 -6.250000e-01 1.975168e-28 1.974146e-28
1.250000e+00 -6.250000e-01 1.553731e-28 1.552919e-28
1.562500e+00 -6.250000e-01 1.027528e-28 1.026982e-28
1.875000e+00 -6.250000e-01 5.657451e-29 5.654416e-29
2.187500e+00 -6.250000e-01 2.491701e-29 2.490319e-29
2.500000e+00 -6.250000e-01 8.415409e-30 8.410447e-30
2.812500e+00 -6.250000e-01 2.115085e-30 2.113738e-30
3.125000e+00 -6.250000e-01 3.705091e-31 3.702333e-31
3.437500e+00 -6.250000e-01 4.137096e-32 4.133054e-32
3.750000e+00 -6.250000e-01 3.188317e-33 3.184997e-33
4.062500e+00 -6.250000e-01 1.940083e-34 1.937975e-34
4.375000e+00 -6.250000e-01 1.388432e-36 1.380776e-36
4.687500e+00 -6.250000e-01 2.612344e-36 2.626562e-36
5.000000e+00 -6.250000e-01 5.580856e-37 5.584830e-37

-4.687500e+00 -3.125000e-01 2.724516e-38 2.725050e-38
-4.375000e+00 -3.125000e-01 1.331588e-35 1.321950e-35
-4.062500e+00 -3.125000e-01 1.148251e-33 1.147202e-33
-3.750000e+00 -3.125000e-01 1.955025e-32 1.953701e-32
-3.437500e+00 -3.125000e-01 2.012660e-31 2.011635e-31
-3.125000e+00 -3.125000e-01 1.293950e-30 1.293399e-30
-2.812500e+00 -3.125000e-01 5.405201e-30 5.402934e-30
-2.500000e+00 -3.125000e-01 1.621529e-29 1.620772e-29
-2.187500e+00 -3.125000e-01 3.906650e-29 3.904675e-29
-1.875000e+00 -3.125000e-01 7.979839e-29 7.975777e-29
-1.562500e+00 -3.125000e-01 1.348203e-28 1.347536e-28
-1.250000e+00 -3.125000e-01 1.814408e-28 1.813519e-28
-9.375000e-01 -3.125000e-01 1.961428e-28 1.960440e-28
-6.250000e-01 -3.125000e-01 1.858526e-28 1.857542e-28
-3.125000e-01 -3.125000e-01 1.785910e-28 1.784941e-28
0.000000e+00 -3.125000e-01 1.864736e-28 1.863725e-28
3.125000e-01 -3.125000e-01 2.001701e-28 2.000615e-28
6.250000e-01 -3.125000e-01 2.057047e-28 2.055942e-28
9.375000e-01 -3.125000e-01 1.897995e-28 1.896988e-28
1.250000e+00 -3.125000e-01 1.493024e-28 1.492224e-28
1.562500e+00 -3.125000e-01 9.873810e-29 9.868431e-29
1.875000e+00 -3.125000e-01 5.436405e-29 5.433415e-29
2.187500e+00 -3.125000e-01 2.394346e-29 2.392985e-29
2.500000e+00 -3.125000e-01 8.086606e-30 8.081725e-30
2.812500e+00 -3.125000e-01 2.032446e-30 2.031124e-30
3.125000e+00 -3.125000e-01 3.560327e-31 3.557627e-31
3.437500e+00 -3.125000e-01 3.975453e-32 3.971519e-32
3.750000e+00 -3.125000e-01 3.063744e-33 3.060499e-33
4.062500e+00 -3.125000e-01 1.864280e-34 1.862322e-34
4.375000e+00 -3.125000e-01 1.334184e-36 1.325561e-36
4.687500e+00 -3.125000e-01 2.510276e-36 2.523429e-36
5.000000e+00 -3.125000e-01 5.362803e-37 5.357269e-37

-4.687500e+00 0.000000e+00 2.844769e-38 2.848380e-38
-4.375000e+00 0.000000e+00 1.390361e-35 1.380471e-35
-4.062500e+00 0.000000e+00 1.198932e-33 1.197887e-33
-3.750000e+00 0.000000e+00 2.041315e-32 2.039964e-32
-3.437500e+00 0.000000e+00 2.101494e-31 2.100439e-31
-3.125000e+00 0.000000e+00 1.351062e-30 1.350491e-30
-2.812500e+00 0.000000e+00 5.643773e-30 5.641426e-30
-2.500000e+00 0.000000e+00 1.693100e-29 1.692315e-29
-2.187500e+00 0.000000e+00 4.079080e-29 4.077027e-29
-1.875000e+00 0.000000e+00 8.332050e-29 8.327821e-29
-1.562500e+00 0.000000e+00 1.407710e-28 1.407015e-28
-1.250000e+00 0.000000e+00 1.894491e-28 1.893567e-28
-9.375000e-01 0.000000e+00 2.048000e-28 2.046972e-28
-6.250000e-01 0.000000e+00 1.940557e-28 1.939531e-28
-3.125000e-01 0.000000e+00 1.864736e-28 1.863725e-28
0.000000e+00 0.000000e+00 1.947041e-28 1.945988e-28
3.125000e-01 0.000000e+00 2.090051e-28 2.088920e-28
6.250000e-01 0.000000e+00 2.147840e-28 2.146690e-28
9.375000e-01 0.000000e+00 1.981768e-28 1.980721e-28
1.250000e+00 0.000000e+00 1.558923e-28 1.558090e-28
1.562500e+00 0.000000e+00 1.030962e-28 1.030402e-28
1.875000e+00 0.000000e+00 5.676355e-29 5.673246e-29
2.187500e+00 0.000000e+00 2.500027e-29 2.498612e-29
2.500000e+00 0.000000e+00 8.443529e-30 8.438459e-30
2.812500e+00 0.000000e+00 2.122153e-30 2.120782e-30
3.125000e+00 0.000000e+00 3.717471e-31 3.714668e-31
3.437500e+00 0.000000e+00 4.150919e-32 4.146840e-32
3.750000e+00 0.000000e+00 3.198971e-33 3.195604e-33
4.062500e+00 0.000000e+00 1.946565e-34 1.944569e-34
4.375000e+00 0.000000e+00 1.393071e-36 1.383242e-36
4.687500e+00 0.000000e+00 2.621073e-36 2.634983e-36
5.000000e+00 0.000000e+00 5.599504e-37 5.586604e-37

-4.687500e+00 3.125000e-01 3.053717e-38 3.059053e-38
-4.375000e+00 3.125000e-01 1.492483e-35 1.482031e-35
-4.062500e+00 3.125000e-01 1.286994e-33 1.285907e-33
-3.750000e+00 3.125000e-01 2.191249e-32 2.189814e-32
-3.437500e+00 3.125000e-01 2.255849e-31 2.254718e-31
-3.125000e+00 3.125000e-01 1.450298e-30 1.449683e-30
-2.812500e+00 3.125000e-01 6.058307e-30 6.055783e-30
-2.500000e+00 3.125000e-01 1.817457e-29 1.816615e-29
-2.187500e+00 3.125000e-01 4.378688e-29 4.376483e-29
-1.875000e+00 3.125000e-01 8.944037e-29 8.939493e-29
-1.562500e+00 3.125000e-01 1.511106e-28 1.510360e-28
-1.250000e+00 3.125000e-01 2.033641e-28 2.032648e-28
-9.375000e-01 3.125000e-01 2.198426e-28 2.197320e-28
-6.250000e-01 3.125000e-01 2.083090e-28 2.081987e-28
-3.125000e-01 3.125000e-01 2.001701e-28 2.000614e-28
0.000000e+00 3.125000e-01 2.090051e-28 2.088920e-28
3.125000e-01 3.125000e-01 2.243565e-28 2.242350e-28
6.250000e-01 3.125000e-01 2.305599e-28 2.304364e-28
9.375000e-01 3.125000e-01 2.127328e-28 2.126205e-28
1.250000e+00 3.125000e-01 1.673425e-28 1.672532e-28
1.562500e+00 3.125000e-01 1.106686e-28 1.106085e-28
1.875000e+00 3.125000e-01 6.093282e-29 6.089949e-29
2.187500e+00 3.125000e-01 2.683653e-29 2.682137e-29
2.500000e+00 3.125000e-01 9.063705e-30 9.058275e-30
2.812500e+00 3.125000e-01 2.278025e-30 2.276558e-30
3.125000e+00 3.125000e-01 3.990519e-31 3.987519e-31
3.437500e+00 3.125000e-01 4.455804e-32 4.451446e-32
3.750000e+00 3.125000e-01 3.433935e-33 3.430339e-33
4.062500e+00 3.125000e-01 2.089540e-34 2.087422e-34
4.375000e+00 3.125000e-01 1.495392e-36 1.484188e-36
4.687500e+00 3.125000e-01 2.813591e-36 2.828612e-36
5.000000e+00 3.125000e-01 6.010787e-37 5.990769e-37

-4.687500e+00 6.250000e-01 3.138152e-38 3.142031e-38
-4.375000e+00 6.250000e-01 1.533750e-35 1.523117e-35
-4.062500e+00 6.250000e-01 1.322579e-33 1.321491e-33
-3.750000e+00 6.250000e-01 2.251837e-32 2.250378e-32
-3.437500e+00 6.250000e-01 2.318223e-31 2.317073e-31
-3.125000e+00 6.250000e-01 1.490398e-30 1.489773e-30
-2.812500e+00 6.250000e-01 6.225819e-30 6.223258e-30
-2.500000e+00 6.250000e-01 1.867710e-29 1.866856e-29
-2.187500e+00 6.250000e-01 4.499758e-29 4.497517e-29
-1.875000e+00 6.250000e-01 9.191339e-29 9.186716e-29
-1.562500e+00 6.250000e-01 1.552888e-28 1.552129e-28
-1.250000e+00 6.250000e-01 2.089871e-28 2.088861e-28
-9.375000e-01 6.250000e-01 2.259212e-28 2.258087e-28
-6.250000e-01 6.250000e-01 2.140687e-28 2.139564e-28
-3.125000e-01 6.250000e-01 2.057047e-28 2.055941e-28
0.000000e+00 6.250000e-01 2.147840e-28 2.146690e-28
3.125000e-01 6.250000e-01 2.305599e-28 2.304363e-28
6.250000e-01 6.250000e-01 2.369349e-28 2.368092e-28
9.375000e-01 6.250000e-01 2.186148e-28 2.185006e-28
1.250000e+00 6.250000e-01 1.719695e-28 1.718787e-28
1.562500e+00 6.250000e-01 1.137285e-28 1.136675e-28
1.875000e+00 6.250000e-01 6.261761e-29 6.258372e-29
2.187500e+00 6.250000e-01 2.757856e-29 2.756314e-29
2.500000e+00 6.250000e-01 9.314315e-30 9.308796e-30
2.812500e+00 6.250000e-01 2.341012e-30 2.339520e-30
3.125000e+00 6.250000e-01 4.100856e-31 4.097805e-31
3.437500e+00 6.250000e-01 4.579006e-32 4.574572e-32
3.750000e+00 6.250000e-01 3.528882e-33 3.525224e-33
4.062500e+00 6.250000e-01 2.147316e-34 2.145156e-34
4.375000e+00 6.250000e-01 1.536740e-36 1.524932e-36
4.687500e+00 6.250000e-01 2.891386e-36 2.907043e-36
5.000000e+00 6.250000e-01 6.176984e-37 6.152554e-37

-4.687500e+00 9.375000e-01 2.895507e-38 2.901163e-38
-4.375000e+00 9.375000e-01 1.415159e-35 1.405340e-35
-4.062500e+00 9.375000e-01 1.220316e-33 1.219324e-33
-3.750000e+00 9.375000e-01 2.077723e-32 2.076401e-32
-3.437500e+00 9.375000e-01 2.138976e-31 2.137937e-31
-3.125000e+00 9.375000e-01 1.375159e-30 1.374595e-30
-2.812500e+00 9.375000e-01 5.744433e-30 5.742120e-30
-2.500000e+00 9.375000e-01 1.723297e-29 1.722523e-29
-2.187500e+00 9.375000e-01 4.151833e-29 4.149798e-29
-1.875000e+00 9.375000e-01 8.480657e-29 8.476459e-29
-1.562500e+00 9.375000e-01 1.432817e-28 1.432128e-28
-1.250000e+00 9.375000e-01 1.928281e-28 1.927364e-28
-9.375000e-01 9.375000e-01 2.084528e-28 2.083506e-28
-6.250000e-01 9.375000e-01 1.975168e-28 1.974146e-28
-3.125000e-01 9.375000e-01 1.897995e-28 1.896989e-28
0.000000e+00 9.375000e-01 1.981768e-28 1.980721e-28
3.125000e-01 9.375000e-01 2.127328e-28 2.126205e-28
6.250000e-01 9.375000e-01 2.186148e-28 2.185006e-28
9.375000e-01 9.375000e-01 2.017114e-28 2.016076e-28
1.250000e+00 9.375000e-01 1.586727e-28 1.585901e-28
1.562500e+00 9.375000e-01 1.049349e-28 1.048794e-28
1.875000e+00 9.375000e-01 5.777596e-29 5.774514e-29
2.187500e+00 9.375000e-01 2.544616e-29 2.543213e-29
2.500000e+00 9.375000e-01 8.594124e-30 8.589096e-30
2.812500e+00 9.375000e-01 2.160003e-30 2.158643e-30
3.125000e+00 9.375000e-01 3.783774e-31 3.780986e-31
3.437500e+00 9.375000e-01 4.224954e-32 4.220888e-32
3.750000e+00 9.375000e-01 3.256026e-33 3.252670e-33
4.062500e+00 9.375000e-01 1.981283e-34 1.979318e-34
4.375000e+00 9.375000e-01 1.417918e-36 1.406944e-36
4.687500e+00 9.375000e-01 2.667822e-36 2.682258e-36
5.000000e+00 9.375000e-01 5.699375e-37 5.677038e-37

-4.687500e+00 1.250000e+00 2.277700e-38 2.292267e-38
-4.375000e+00 1.250000e+00 1.113210e-35 1.105516e-35
-4.062500e+00 1.250000e+00 9.599403e-34 9.591617e-34
-3.750000e+00 1.250000e+00 1.634404e-32 1.633378e-32
-3.437500e+00 1.250000e+00 1.682588e-31 1.681771e-31
-3.125000e+00 1.250000e+00 1.081745e-30 1.081297e-30
-2.812500e+00 1.250000e+00 4.518758e-30 4.516909e-30
-2.500000e+00 1.250000e+00 1.355601e-29 1.354984e-29
-2.187500e+00 1.250000e+00 3.265967e-29 3.264347e-29
-1.875000e+00 1.250000e+00 6.671160e-29 6.667822e-29
-1.562500e+00 1.250000e+00 1.127100e-28 1.126552e-28
-1.250000e+00 1.250000e+00 1.516848e-28 1.516119e-28
-9.375000e-01 1.250000e+00 1.639757e-28 1.638944e-28
-6.250000e-01 1.250000e+00 1.553731e-28 1.552919e-28
-3.125000e-01 1.250000e+00 1.493024e-28 1.492224e-28
0.000000e+00 1.250000e+00 1.558923e-28 1.558091e-28
3.125000e-01 1.250000e+00 1.673425e-28 1.672532e-28
6.250000e-01 1.250000e+00 1.719695e-28 1.718786e-28
9.375000e-01 1.250000e+00 1.586727e-28 1.585901e-28
1.250000e+00 1.250000e+00 1.248171e-28 1.247514e-28
1.562500e+00 1.250000e+00 8.254524e-29 8.250104e-29
1.875000e+00 1.250000e+00 4.544845e-29 4.542390e-29
2.187500e+00 1.250000e+00 2.001678e-29 2.000560e-29
2.500000e+00 1.250000e+00 6.760418e-30 6.756407e-30
2.812500e+00 1.250000e+00 1.699128e-30 1.698044e-30
3.125000e+00 1.250000e+00 2.976440e-31 2.974216e-31
3.437500e+00 1.250000e+00 3.323486e-32 3.320248e-32
3.750000e+00 1.250000e+00 2.561296e-33 2.558613e-33
4.062500e+00 1.250000e+00 1.558542e-34 1.557033e-34
4.375000e+00 1.250000e+00 1.115380e-36 1.106302e-36
4.687500e+00 1.250000e+00 2.098595e-36 2.109409e-36
5.000000e+00 1.250000e+00 4.483313e-37 4.464594e-37

-4.687500e+00 1.562500e+00 1.506310e-38 1.524227e-38
-4.375000e+00 1.562500e+00 7.361986e-36 7.311707e-36
-4.062500e+00 1.562500e+00 6.348368e-34 6.343312e-34
-3.750000e+00 1.562500e+00 1.080880e-32 1.080215e-32
-3.437500e+00 1.562500e+00 1.112745e-31 1.112205e-31
-3.125000e+00 1.562500e+00 7.153899e-31 7.150896e-31
-2.812500e+00 1.562500e+00 2.988388e-30 2.987142e-30
-2.500000e+00 1.562500e+00 8.964992e-30 8.960838e-30
-2.187500e+00 1.562500e+00 2.159880e-29 2.158793e-29
-1.875000e+00 1.562500e+00 4.411835e-29 4.409594e-29
-1.562500e+00 1.562500e+00 7.453848e-29 7.450164e-29
-1.250000e+00 1.562500e+00 1.003137e-28 1.002646e-28
-9.375000e-01 1.562500e+00 1.084420e-28 1.083874e-28
-6.250000e-01 1.562500e+00 1.027528e-28 1.026983e-28
-3.125000e-01 1.562500e+00 9.873810e-29 9.868430e-29
0.000000e+00 1.562500e+00 1.030962e-28 1.030402e-28
3.125000e-01 1.562500e+00 1.106686e-28 1.106085e-28
6.250000e-01 1.562500e+00 1.137285e-28 1.136674e-28
9.375000e-01 1.562500e+00 1.049349e-28 1.048794e-28
1.250000e+00 1.562500e+00 8.254524e-29 8.250103e-29
1.562500e+00 1.562500e+00 5.458960e-29 5.455987e-29
1.875000e+00 1.562500e+00 3.005640e-29 3.003988e-29
2.187500e+00 1.562500e+00 1.323769e-29 1.323016e-29
2.500000e+00 1.562500e+00 4.470864e-30 4.468163e-30
2.812500e+00 1.562500e+00 1.123684e-30 1.122954e-30
3.125000e+00 1.562500e+00 1.968408e-31 1.966912e-31
3.437500e+00 1.562500e+00 2.197919e-32 2.195747e-32
3.750000e+00 1.562500e+00 1.693861e-33 1.692052e-33
4.062500e+00 1.562500e+00 1.030710e-34 1.029747e-34
4.375000e+00 1.562500e+00 7.376338e-37 7.311548e-37
4.687500e+00 1.562500e+00 1.387863e-36 1.394620e-36
5.000000e+00 1.562500e+00 2.964947e-37 2.950270e-37

-4.687500e+00 1.875000e+00 8.293569e-39 8.426786e-39
-4.375000e+00 1.875000e+00 4.053424e-36 4.025989e-36
-4.062500e+00 1.875000e+00 3.495338e-34 3.492620e-34
-3.750000e+00 1.875000e+00 5.951198e-33 5.947621e-33
-3.437500e+00 1.875000e+00 6.126644e-32 6.123697e-32
-3.125000e+00 1.875000e+00 3.938853e-31 3.937196e-31
-2.812500e+00 1.875000e+00 1.645372e-30 1.644681e-30
-2.500000e+00 1.875000e+00 4.936020e-30 4.933717e-30
-2.187500e+00 1.875000e+00 1.189205e-29 1.188602e-29
-1.875000e+00 1.875000e+00 2.429105e-29 2.427861e-29
-1.562500e+00 1.875000e+00 4.104002e-29 4.101956e-29
-1.250000e+00 1.875000e+00 5.523153e-29 5.520430e-29
-9.375000e-01 1.875000e+00 5.970690e-29 5.967659e-29
-6.250000e-01 1.875000e+00 5.657451e-29 5.654420e-29
-3.125000e-01 1.875000e+00 5.436405e-29 5.433415e-29
0.000000e+00 1.875000e+00 5.676355e-29 5.673249e-29
3.125000e-01 1.875000e+00 6.093282e-29 6.089947e-29
6.250000e-01 1.875000e+00 6.261761e-29 6.258366e-29
9.375000e-01 1.875000e+00 5.777596e-29 5.774513e-29
1.250000e+00 1.875000e+00 4.544845e-29 4.542389e-29
1.562500e+00 1.875000e+00 3.005640e-29 3.003988e-29
1.875000e+00 1.875000e+00 1.654870e-29 1.653952e-29
2.187500e+00 1.875000e+00 7.288516e-30 7.284331e-30
2.500000e+00 1.875000e+00 2.461605e-30 2.460104e-30
2.812500e+00 1.875000e+00 6.186872e-31 6.182817e-31
3.125000e+00 1.875000e+00 1.083782e-31 1.082951e-31
3.437500e+00 1.875000e+00 1.210149e-32 1.208943e-32
3.750000e+00 1.875000e+00 9.326200e-34 9.316126e-34
4.062500e+00 1.875000e+00 5.674968e-35 5.669843e-35
4.375000e+00 1.875000e+00 4.061326e-37 4.023412e-37
4.687500e+00 1.875000e+00 7.641412e-37 7.677325e-37
5.000000e+00 1.875000e+00 1.632466e-37 1.623257e-37

-4.687500e+00 2.187500e+00 3.652722e-39 3.729789e-39
-4.375000e+00 2.187500e+00 1.785242e-36 1.773180e-36
-4.062500e+00 2.187500e+00 1.539445e-34 1.538244e-34
-3.750000e+00 2.187500e+00 2.621076e-33 2.619503e-33
-3.437500e+00 2.187500e+00 2.698347e-32 2.697025e-32
-3.125000e+00 2.187500e+00 1.734782e-31 1.734028e-31
-2.812500e+00 2.187500e+00 7.246680e-31 7.243513e-31
-2.500000e+00 2.187500e+00 2.173963e-30 2.172910e-30
-2.187500e+00 2.187500e+00 5.237593e-30 5.234847e-30
-1.875000e+00 2.187500e+00 1.069846e-29 1.069280e-29
-1.562500e+00 2.187500e+00 1.807518e-29 1.806585e-29
-1.250000e+00 2.187500e+00 2.432552e-29 2.431310e-29
-9.375000e-01 2.187500e+00 2.629660e-29 2.628279e-29
-6.250000e-01 2.187500e+00 2.491701e-29 2.490321e-29
-3.125000e-01 2.187500e+00 2.394346e-29 2.392985e-29
0.000000e+00 2.187500e+00 2.500027e-29 2.498614e-29
3.125000e-01 2.187500e+00 2.683653e-29 2.682136e-29
6.250000e-01 2.187500e+00 2.757856e-29 2.756310e-29
9.375000e-01 2.187500e+00 2.544616e-29 2.543212e-29
1.250000e+00 2.187500e+00 2.001678e-29 2.000559e-29
1.562500e+00 2.187500e+00 1.323769e-29 1.323016e-29
1.875000e+00 2.187500e+00 7.288516e-30 7.284332e-30
2.187500e+00 2.187500e+00 3.210068e-30 3.208162e-30
2.500000e+00 2.187500e+00 1.084160e-30 1.083477e-30
2.812500e+00 2.187500e+00 2.724873e-31 2.723029e-31
3.125000e+00 2.187500e+00 4.773283e-32 4.769513e-32
3.437500e+00 2.187500e+00 5.329836e-33 5.324390e-33
3.750000e+00 2.187500e+00 4.107521e-34 4.102960e-34
4.062500e+00 2.187500e+00 2.499416e-35 2.497207e-35
4.375000e+00 2.187500e+00 1.788722e-37 1.771093e-37
4.687500e+00 2.187500e+00 3.365493e-37 3.380477e-37
5.000000e+00 2.187500e+00 7.189838e-38 7.146394e-38

-4.687500e+00 2.500000e+00 1.233661e-39 1.267220e-39
-4.375000e+00 2.500000e+00 6.029433e-37 5.988956e-37
-4.062500e+00 2.500000e+00 5.199285e-35 5.195206e-35
-3.750000e+00 2.500000e+00 8.852356e-34 8.846976e-34
-3.437500e+00 2.500000e+00 9.113331e-33 9.108663e-33
-3.125000e+00 2.500000e+00 5.859010e-32 5.856291e-32
-2.812500e+00 2.500000e+00 2.447476e-31 2.446327e-31
-2.500000e+00 2.500000e+00 7.342288e-31 7.338493e-31
-2.187500e+00 2.500000e+00 1.768932e-30 1.767947e-30
-1.875000e+00 2.500000e+00 3.613273e-30 3.611240e-30
-1.562500e+00 2.500000e+00 6.104668e-30 6.101313e-30
-1.250000e+00 2.500000e+00 8.215643e-30 8.211173e-30
-9.375000e-01 2.500000e+00 8.881350e-30 8.876390e-30
-6.250000e-01 2.500000e+00 8.415409e-30 8.410465e-30
-3.125000e-01 2.500000e+00 8.086606e-30 8.081729e-30
0.000000e+00 2.500000e+00 8.443529e-30 8.438466e-30
3.125000e-01 2.500000e+00 9.063705e-30 9.058268e-30
6.250000e-01 2.500000e+00 9.314315e-30 9.308773e-30
9.375000e-01 2.500000e+00 8.594124e-30 8.589087e-30
1.250000e+00 2.500000e+00 6.760418e-30 6.756406e-30
1.562500e+00 2.500000e+00 4.470864e-30 4.468164e-30
1.875000e+00 2.500000e+00 2.461605e-30 2.460105e-30
2.187500e+00 2.500000e+00 1.084160e-30 1.083477e-30
2.500000e+00 2.500000e+00 3.661617e-31 3.659171e-31
2.812500e+00 2.500000e+00 9.202918e-32 9.196348e-32
3.125000e+00 2.500000e+00 1.612117e-32 1.610781e-32
3.437500e+00 2.500000e+00 1.800086e-33 1.798172e-33
3.750000e+00 2.500000e+00 1.387264e-34 1.385657e-34
4.062500e+00 2.500000e+00 8.441466e-36 8.434137e-36
4.375000e+00 2.500000e+00 6.041187e-38 5.977085e-38
4.687500e+00 2.500000e+00 1.136653e-37 1.141392e-37
5.000000e+00 2.500000e+00 2.428278e-38 2.411532e-38

-4.687500e+00 2.812500e+00 3.100620e-40 3.205326e-40
-4.375000e+00 2.812500e+00 1.515406e-37 1.505195e-37
-4.062500e+00 2.812500e+00 1.306761e-35 1.305717e-35
-3.750000e+00 2.812500e+00 2.224905e-34 2.223520e-34
-3.437500e+00 2.812500e+00 2.290497e-33 2.289257e-33
-3.125000e+00 2.812500e+00 1.472573e-32 1.471835e-32
-2.812500e+00 2.812500e+00 6.151360e-32 6.148215e-32
-2.500000e+00 2.812500e+00 1.845373e-31 1.844339e-31
-2.187500e+00 2.812500e+00 4.445942e-31 4.443269e-31
-1.875000e+00 2.812500e+00 9.081413e-31 9.075899e-31
-1.562500e+00 2.812500e+00 1.534316e-30 1.533404e-30
-1.250000e+00 2.812500e+00 2.064877e-30 2.063662e-30
-9.375000e-01 2.812500e+00 2.232192e-30 2.230846e-30
-6.250000e-01 2.812500e+00 2.115085e-30 2.113747e-30
-3.125000e-01 2.812500e+00 2.032446e-30 2.031126e-30
0.000000e+00 2.812500e+00 2.122153e-30 2.120784e-30
3.125000e-01 2.812500e+00 2.278025e-30 2.276555e-30
6.250000e-01 2.812500e+00 2.341012e-30 2.339512e-30
9.375000e-01 2.812500e+00 2.160003e-30 2.158639e-30
1.250000e+00 2.812500e+00 1.699128e-30 1.698042e-30
1.562500e+00 2.812500e+00 1.123684e-30 1.122953e-30
1.875000e+00 2.812500e+00 6.186872e-31 6.182810e-31
2.187500e+00 2.812500e+00 2.724873e-31 2.723026e-31
2.500000e+00 2.812500e+00 9.202918e-32 9.196321e-32
2.812500e+00 2.812500e+00 2.313014e-32 2.311249e-32
3.125000e+00 2.812500e+00 4.051811e-33 4.048244e-33
3.437500e+00 2.812500e+00 4.524243e-34 4.519180e-34
3.750000e+00 2.812500e+00 3.486678e-35 3.482426e-35
4.062500e+00 2.812500e+00 2.121634e-36 2.119811e-36
4.375000e+00 2.812500e+00 1.518361e-38 1.501063e-38
4.687500e+00 2.812500e+00 2.856806e-38 2.867993e-38
5.000000e+00 2.812500e+00 6.103109e-39 6.057326e-39

-4.687500e+00 3.125000e+00 5.431497e-41 5.662543e-41
-4.375000e+00 3.125000e+00 2.654606e-38 2.636190e-38
-4.062500e+00 3.125000e+00 2.289113e-36 2.287047e-36
-3.750000e+00 3.125000e+00 3.897468e-35 3.894746e-35
-3.437500e+00 3.125000e+00 4.012368e-34 4.009834e-34
-3.125000e+00 3.125000e+00 2.579573e-33 2.578026e-33
-2.812500e+00 3.125000e+00 1.077562e-32 1.076897e-32
-2.500000e+00 3.125000e+00 3.232623e-32 3.230464e-32
-2.187500e+00 3.125000e+00 7.788158e-32 7.782642e-32
-1.875000e+00 3.125000e+00 1.590832e-31 1.589697e-31
-1.562500e+00 3.125000e+00 2.687730e-31 2.685847e-31
-1.250000e+00 3.125000e+00 3.617139e-31 3.614624e-31
-9.375000e-01 3.125000e+00 3.910232e-31 3.907458e-31
-6.250000e-01 3.125000e+00 3.705091e-31 3.702349e-31
-3.125000e-01 3.125000e+00 3.560327e-31 3.557630e-31
0.000000e+00 3.125000e+00 3.717471e-31 3.714671e-31
3.125000e-01 3.125000e+00 3.990519e-31 3.987514e-31
6.250000e-01 3.125000e+00 4.100856e-31 4.097785e-31
9.375000e-01 3.125000e+00 3.783774e-31 3.780975e-31
1.250000e+00 3.125000e+00 2.976440e-31 2.974214e-31
1.562500e+00 3.125000e+00 1.968408e-31 1.966911e-31
1.875000e+00 3.125000e+00 1.083782e-31 1.082951e-31
2.187500e+00 3.125000e+00 4.773283e-32 4.769513e-32
2.500000e+00 3.125000e+00 1.612117e-32 1.610776e-32
2.812500e+00 3.125000e+00 4.051811e-33 4.048248e-33
3.125000e+00 3.125000e+00 7.097741e-34 7.090641e-34
3.437500e+00 3.125000e+00 7.925321e-35 7.915437e-35
3.750000e+00 3.125000e+00 6.107772e-36 6.099489e-36
4.062500e+00 3.125000e+00 3.716563e-37 3.713181e-37
4.375000e+00 3.125000e+00 2.659781e-39 2.627897e-39
4.687500e+00 3.125000e+00 5.004396e-39 5.021461e-39
5.000000e+00 3.125000e+00 1.069109e-39 1.061540e-39

-4.687500e+00 3.437500e+00 6.064797e-42 6.506431e-42
-4.375000e+00 3.437500e+00 2.964127e-39 2.944030e-39
-4.062500e+00 3.437500e+00 2.556018e-37 2.553437e-37
-3.750000e+00 3.437500e+00 4.351903e-36 4.348391e-36
-3.437500e+00 3.437500e+00 4.480200e-35 4.476582e-35
-3.125000e+00 3.437500e+00 2.880345e-34 2.878014e-34
-2.812500e+00 3.437500e+00 1.203203e-33 1.202191e-33
-2.500000e+00 3.437500e+00 3.609539e-33 3.606319e-33
-2.187500e+00 3.437500e+00 8.696238e-33 8.688135e-33
-1.875000e+00 3.437500e+00 1.776319e-32 1.774653e-32
-1.562500e+00 3.437500e+00 3.001113e-32 2.998330e-32
-1.250000e+00 3.437500e+00 4.038888e-32 4.035167e-32
-9.375000e-01 3.437500e+00 4.366156e-32 4.362074e-32
-6.250000e-01 3.437500e+00 4.137096e-32 4.133091e-32
-3.125000e-01 3.437500e+00 3.975453e-32 3.971521e-32
0.000000e+00 3.437500e+00 4.150919e-32 4.146838e-32
3.125000e-01 3.437500e+00 4.455804e-32 4.451422e-32
6.250000e-01 3.437500e+00 4.579006e-32 4.574517e-32
9.375000e-01 3.437500e+00 4.224954e-32 4.220855e-32
1.250000e+00 3.437500e+00 3.323486e-32 3.320231e-32
1.562500e+00 3.437500e+00 2.197919e-32 2.195734e-32
1.875000e+00 3.437500e+00 1.210149e-32 1.208935e-32
2.187500e+00 3.437500e+00 5.329836e-33 5.324355e-33
2.500000e+00 3.437500e+00 1.800086e-33 1.798150e-33
2.812500e+00 3.437500e+00 4.524243e-34 4.519153e-34
3.125000e+00 3.437500e+00 7.925321e-35 7.915378e-35
3.437500e+00 3.437500e+00 8.849394e-36 8.836013e-36
3.750000e+00 3.437500e+00 6.819923e-37 6.808653e-37
4.062500e+00 3.437500e+00 4.149905e-38 4.146133e-38
4.375000e+00 3.437500e+00 2.969905e-40 2.924004e-40
4.687500e+00 3.437500e+00 5.587897e-40 5.597721e-40
5.000000e+00 3.437500e+00 1.193765e-40 1.181205e-40

-4.687500e+00 3.750000e+00 4.673930e-43 5.026967e-43
-4.375000e+00 3.750000e+00 2.284350e-40 2.269821e-40
-4.062500e+00 3.750000e+00 1.969835e-38 1.968065e-38
-3.750000e+00 3.750000e+00 3.353862e-37 3.351125e-37
-3.437500e+00 3.750000e+00 3.452736e-36 3.449805e-36
-3.125000e+00 3.750000e+00 2.219783e-35 2.217865e-35
-2.812500e+00 3.750000e+00 9.272668e-35 9.264370e-35
-2.500000e+00 3.750000e+00 2.781747e-34 2.779115e-34
-2.187500e+00 3.750000e+00 6.701892e-34 6.695239e-34
-1.875000e+00 3.750000e+00 1.368948e-33 1.367575e-33
-1.562500e+00 3.750000e+00 2.312854e-33 2.310560e-33
-1.250000e+00 3.750000e+00 3.112632e-33 3.109565e-33
-9.375000e-01 3.750000e+00 3.364846e-33 3.361480e-33
-6.250000e-01 3.750000e+00 3.188317e-33 3.185012e-33
-3.125000e-01 3.750000e+00 3.063744e-33 3.060505e-33
0.000000e+00 3.750000e+00 3.198971e-33 3.195614e-33
3.125000e-01 3.750000e+00 3.433935e-33 3.430332e-33
6.250000e-01 3.750000e+00 3.528882e-33 3.525195e-33
9.375000e-01 3.750000e+00 3.256026e-33 3.252662e-33
1.250000e+00 3.750000e+00 2.561296e-33 2.558624e-33
1.562500e+00 3.750000e+00 1.693861e-33 1.692069e-33
1.875000e+00 3.750000e+00 9.326200e-34 9.316264e-34
2.187500e+00 3.750000e+00 4.107521e-34 4.103044e-34
2.500000e+00 3.750000e+00 1.387264e-34 1.385691e-34
2.812500e+00 3.750000e+00 3.486678e-35 3.482565e-35
3.125000e+00 3.750000e+00 6.107772e-36 6.099788e-36
3.437500e+00 3.750000e+00 6.819923e-37 6.809317e-37
3.750000e+00 3.750000e+00 5.255880e-38 5.246985e-38
4.062500e+00 3.750000e+00 3.198189e-39 3.195362e-39
4.375000e+00 3.750000e+00 2.288804e-41 2.247998e-41
4.687500e+00 3.750000e+00 4.306400e-41 4.315695e-41
5.000000e+00 3.750000e+00 9.199935e-42 9.055013e-42

-4.687500e+00 4.062500e+00 2.844074e-44 2.946490e-44
-4.375000e+00 4.062500e+00 1.390021e-41 1.377549e-41
-4.062500e+00 4.062500e+00 1.198639e-39 1.197255e-39
-3.750000e+00 4.062500e+00 2.040816e-38 2.038991e-38
-3.437500e+00 4.062500e+00 2.100981e-37 2.099302e-37
-3.125000e+00 4.062500e+00 1.350732e-36 1.349693e-36
-2.812500e+00 4.062500e+00 5.642394e-36 5.637746e-36
-2.500000e+00 4.062500e+00 1.692686e-35 1.691119e-35
-2.187500e+00 4.062500e+00 4.078083e-35 4.074032e-35
-1.875000e+00 4.062500e+00 8.330014e-35 8.321703e-35
-1.562500e+00 4.062500e+00 1.407366e-34 1.405992e-34
-1.250000e+00 4.062500e+00 1.894029e-34 1.892191e-34
-9.375000e-01 4.062500e+00 2.047500e-34 2.045462e-34
-6.250000e-01 4.062500e+00 1.940083e-34 1.938071e-34
-3.125000e-01 4.062500e+00 1.864280e-34 1.862322e-34
0.000000e+00 4.062500e+00 1.946565e-34 1.944549e-34
3.125000e-01 4.062500e+00 2.089540e-34 2.087389e-34
6.250000e-01 4.062500e+00 2.147316e-34 2.145124e-34
9.375000e-01 4.062500e+00 1.981283e-34 1.979281e-34
1.250000e+00 4.062500e+00 1.558542e-34 1.556946e-34
1.562500e+00 4.062500e+00 1.030710e-34 1.029637e-34
1.875000e+00 4.062500e+00 5.674968e-35 5.669031e-35
2.187500e+00 4.062500e+00 2.499416e-35 2.496743e-35
2.500000e+00 4.062500e+00 8.441466e-36 8.432067e-36
2.812500e+00 4.062500e+00 2.121634e-36 2.119174e-36
3.125000e+00 4.062500e+00 3.716563e-37 3.711776e-37
3.437500e+00 4.062500e+00 4.149905e-38 4.143357e-38
3.750000e+00 4.062500e+00 3.198189e-39 3.192983e-39
4.062500e+00 4.062500e+00 1.946090e-40 1.943876e-40
4.375000e+00 4.062500e+00 1.392731e-42 1.377732e-42
4.687500e+00 4.062500e+00 2.620433e-42 2.634820e-42
5.000000e+00 4.062500e+00 5.598136e-43 5.611570e-43

-4.687500e+00 4.375000e+00 2.035379e-46 2.045835e-46
-4.375000e+00 4.375000e+00 9.947773e-44 9.862105e-44
-4.062500e+00 4.375000e+00 8.578137e-42 8.499808e-42
-3.750000e+00 4.375000e+00 1.460523e-40 1.448502e-40
-3.437500e+00 4.375000e+00 1.503580e-39 1.491368e-39
-3.125000e+00 4.375000e+00 9.666598e-39 9.588323e-39
-2.812500e+00 4.375000e+00 4.038014e-38 4.006032e-38
-2.500000e+00 4.375000e+00 1.211381e-37 1.202165e-37
-2.187500e+00 4.375000e+00 2.918506e-37 2.897211e-37
-1.875000e+00 4.375000e+00 5.961426e-37 5.918686e-37
-1.562500e+00 4.375000e+00 1.007190e-36 9.999360e-37
-1.250000e+00 4.375000e+00 1.355473e-36 1.345648e-36
-9.375000e-01 4.375000e+00 1.465306e-36 1.454749e-36
-6.250000e-01 4.375000e+00 1.388432e-36 1.378567e-36
-3.125000e-01 4.375000e+00 1.334184e-36 1.324728e-36
0.000000e+00 4.375000e+00 1.393071e-36 1.383126e-36
3.125000e-01 4.375000e+00 1.495392e-36 1.484670e-36
6.250000e-01 4.375000e+00 1.536740e-36 1.525677e-36
9.375000e-01 4.375000e+00 1.417918e-36 1.407689e-36
1.250000e+00 4.375000e+00 1.115380e-36 1.107373e-36
1.562500e+00 4.375000e+00 7.376338e-37 7.323660e-37
1.875000e+00 4.375000e+00 4.061326e-37 4.032293e-37
2.187500e+00 4.375000e+00 1.788722e-37 1.775882e-37
2.500000e+00 4.375000e+00 6.041187e-38 5.997557e-38
2.812500e+00 4.375000e+00 1.518361e-38 1.507218e-38
3.125000e+00 4.375000e+00 2.659781e-39 2.639853e-39
3.437500e+00 4.375000e+00 2.969905e-40 2.947563e-40
3.750000e+00 4.375000e+00 2.288804e-41 2.270881e-41
4.062500e+00 4.375000e+00 1.392731e-42 1.379848e-42
4.375000e+00 4.375000e+00 9.967167e-45 9.855395e-45
4.687500e+00 4.375000e+00 1.875329e-44 1.843746e-44
5.000000e+00 4.375000e+00 4.006341e-45 3.908809e-45

-4.687500e+00 4.687500e+00 3.829580e-46 2.012306e-47
-4.375000e+00 4.687500e+00 1.871680e-43 1.807520e-43
-4.062500e+00 4.687500e+00 1.613982e-41 1.612832e-41
-3.750000e+00 4.687500e+00 2.747983e-40 2.746695e-40
-3.437500e+00 4.687500e+00 2.828996e-39 2.838419e-39
-3.125000e+00 4.687500e+00 1.818777e-38 1.828365e-38
-2.812500e+00 4.687500e+00 7.597551e-38 7.642503e-38
-2.500000e+00 4.687500e+00 2.279222e-37 2.292021e-37
-2.187500e+00 4.687500e+00 5.491188e-37 5.520010e-37
-1.875000e+00 4.687500e+00 1.121646e-36 1.127359e-36
-1.562500e+00 4.687500e+00 1.895035e-36 1.904834e-36
-1.250000e+00 4.687500e+00 2.550332e-36 2.563735e-36
-9.375000e-01 4.687500e+00 2.756983e-36 2.771477e-36
-6.250000e-01 4.687500e+00 2.612344e-36 2.626088e-36
-3.125000e-01 4.687500e+00 2.510276e-36 2.523485e-36
0.000000e+00 4.687500e+00 2.621073e-36 2.634546e-36
3.125000e-01 4.687500e+00 2.813591e-36 2.828023e-36
6.250000e-01 4.687500e+00 2.891386e-36 2.906306e-36
9.375000e-01 4.687500e+00 2.667822e-36 2.681482e-36
1.250000e+00 4.687500e+00 2.098595e-36 2.109410e-36
1.562500e+00 4.687500e+00 1.387863e-36 1.395047e-36
1.875000e+00 4.687500e+00 7.641412e-37 7.681173e-37
2.187500e+00 4.687500e+00 3.365493e-37 3.383393e-37
2.500000e+00 4.687500e+00 1.136653e-37 1.142874e-37
2.812500e+00 4.687500e+00 2.856806e-38 2.872549e-38
3.125000e+00 4.687500e+00 5.004396e-39 5.034107e-39
3.437500e+00 4.687500e+00 5.587897e-40 5.620455e-40
3.750000e+00 4.687500e+00 4.306400e-41 4.338203e-41
4.062500e+00 4.687500e+00 2.620433e-42 2.602867e-42
4.375000e+00 4.687500e+00 1.875329e-44 2.270325e-44
4.687500e+00 4.687500e+00 3.528444e-44 3.921176e-44
5.000000e+00 4.687500e+00 7.537957e-45 9.707406e-45

-4.687500e+00 5.000000e+00 8.181285e-47 2.343822e-47
-4.375000e+00 5.000000e+00 3.998546e-44 3.938312e-44
-4.062500e+00 5.000000e+00 3.448015e-42 3.430279e-42
-3.750000e+00 5.000000e+00 5.870627e-41 5.829556e-41
-3.437500e+00 5.000000e+00 6.043697e-40 6.016591e-40
-3.125000e+00 5.000000e+00 3.885526e-39 3.873175e-39
-2.812500e+00 5.000000e+00 1.623095e-38 1.619085e-38
-2.500000e+00 5.000000e+00 4.869193e-38 4.857537e-38
-2.187500e+00 5.000000e+00 1.173105e-37 1.170173e-37
-1.875000e+00 5.000000e+00 2.396218e-37 2.390173e-37
-1.562500e+00 5.000000e+00 4.048439e-37 4.038492e-37
-1.250000e+00 5.000000e+00 5.448377e-37 5.435023e-37
-9.375000e-01 5.000000e+00 5.889854e-37 5.875208e-37
-6.250000e-01 5.000000e+00 5.580856e-37 5.567291e-37
-3.125000e-01 5.000000e+00 5.362803e-37 5.350441e-37
0.000000e+00 5.000000e+00 5.599504e-37 5.586317e-37
3.125000e-01 5.000000e+00 6.010787e-37 5.996601e-37
6.250000e-01 5.000000e+00 6.176984e-37 6.162746e-37
9.375000e-01 5.000000e+00 5.699375e-37 5.686154e-37
1.250000e+00 5.000000e+00 4.483313e-37 4.473111e-37
1.562500e+00 5.000000e+00 2.964947e-37 2.958507e-37
1.875000e+00 5.000000e+00 1.632466e-37 1.629043e-37
2.187500e+00 5.000000e+00 7.189838e-38 7.175646e-38
2.500000e+00 5.000000e+00 2.428278e-38 2.424012e-38
2.812500e+00 5.000000e+00 6.103109e-39 6.092902e-39
3.125000e+00 5.000000e+00 1.069109e-39 1.067645e-39
3.437500e+00 5.000000e+00 1.193765e-40 1.192683e-40
3.750000e+00 5.000000e+00 9.199935e-42 9.201204e-42
4.062500e+00 5.000000e+00 5.598136e-43 5.537228e-43
4.375000e+00 5.000000e+00 4.006341e-45 4.337912e-45
4.687500e+00 5.000000e+00 7.537957e-45 8.070361e-45
5.000000e+00 5.000000e+00 1.610364e-45 1.626416e-45

