-4.687500e+00 -4.687500e+00 1.061709e-51 8.683661e-52
-4.375000e+00 -4.687500e+00 5.608491e-50 3.394126e-50
-4.062500e+00 -4.687500e+00 9.617931e-49 8.373652e-49
-3.750000e+00 -4.687500e+00 1.827538e-47 1.799913e-47
-3.437500e+00 -4.687500e+00 2.313525e-46 2.255752e-46
-3.125000e+00 -4.687500e+00 2.014131e-45 1.940340e-45
-2.812500e+00 -4.687500e+00 1.152521e-44 1.104059e-44
-2.500000e+00 -4.687500e+00 4.428477e-44 4.219625e-44
-2.187500e+00 -4.687500e+00 1.211284e-43 1.148808e-43
-1.875000e+00 -4.687500e+00 2.471715e-43 2.337071e-43
-1.562500e+00 -4.687500e+00 3.876460e-43 3.658691e-43
-1.250000e+00 -4.687500e+00 4.848201e-43 4.573664e-43
-9.375000e-01 -4.687500e+00 5.019770e-43 4.735919e-43
-6.250000e-01 -4.687500e+00 4.373058e-43 4.122364e-43
-3.125000e-01 -4.687500e+00 3.198161e-43 3.009468e-43
0.000000e+00 -4.687500e+00 1.959310e-43 1.840594e-43
3.125000e-01 -4.687500e+00 1.027499e-43 9.633531e-44
6.250000e-01 -4.687500e+00 5.190638e-44 4.851088e-44
9.375000e-01 -4.687500e+00 3.540757e-44 3.316577e-44
1.250000e+00 -4.687500e+00 3.480622e-44 3.279729e-44
1.562500e+00 -4.687500e+00 3.320687e-44 3.128476e-44
1.875000e+00 -4.687500e+00 2.537737e-44 2.388382e-44
2.187500e+00 -4.687500e+00 1.482020e-44 1.400741e-44
2.500000e+00 -4.687500e+00 6.646361e-45 6.341289e-45
2.812500e+00 -4.687500e+00 2.568231e-45 2.486233e-45
3.125000e+00 -4.687500e+00 9.264541e-46 9.189518e-46
3.437500e+00 -4.687500e+00 2.558363e-46 2.573828e-46
3.750000e+00 -4.687500e+00 4.488694e-47 4.496803e-47
4.062500e+00 -4.687500e+00 4.540028e-48 4.694097e-48
4.375000e+00 -4.687500e+00 2.274513e-49 2.293456e-49
4.687500e+00 -4.687500e+00 4.430525e-51 2.650736e-51
5.000000e+00 -4.687500e+00 6.048594e-52 3.107322e-51

-4.687500e+00 -4.375000e+00 5.608491e-50 2.903765e-50
-4.375000e+00 -4.375000e+00 2.962693e-48 2.663838e-48
-4.062500e+00 -4.375000e+00 5.080685e-47 4.953960e-47
-3.750000e+00 -4.375000e+00 9.653997e-46 9.655336e-46
-3.437500e+00 -4.375000e+00 1.222122e-44 1.215354e-44
-3.125000e+00 -4.375000e+00 1.063968e-43 1.053981e-43
-2.812500e+00 -4.375000e+00 6.088206e-43 6.021811e-43
-2.500000e+00 -4.375000e+00 2.339349e-42 2.309986e-42
-2.187500e+00 -4.375000e+00 6.398625e-42 6.307915e-42
-1.875000e+00 -4.375000e+00 1.305687e-41 1.285906e-41
-1.562500e+00 -4.375000e+00 2.047745e-41 2.015659e-41
-1.250000e+00 -4.375000e+00 2.561069e-41 2.520029e-41
-9.375000e-01 -4.375000e+00 2.651701e-41 2.608525e-41
-6.250000e-01 -4.375000e+00 2.310074e-41 2.271853e-41
-3.125000e-01 -4.375000e+00 1.689433e-41 1.660757e-41
0.000000e+00 -4.375000e+00 1.035008e-41 1.016637e-41
3.125000e-01 -4.375000e+00 5.427776e-42 5.325704e-42
6.250000e-01 -4.375000e+00 2.741962e-42 2.690003e-42
9.375000e-01 -4.375000e+00 1.870410e-42 1.841069e-42
1.250000e+00 -4.375000e+00 1.838643e-42 1.814550e-42
1.562500e+00 -4.375000e+00 1.754158e-42 1.729724e-42
1.875000e+00 -4.375000e+00 1.340563e-42 1.320729e-42
2.187500e+00 -4.375000e+00 7.828793e-43 7.725665e-43
2.500000e+00 -4.375000e+00 3.510949e-43 3.481236e-43
2.812500e+00 -4.375000e+00 1.356672e-43 1.356477e-43
3.125000e+00 -4.375000e+00 4.894006e-44 4.941384e-44
3.437500e+00 -4.375000e+00 1.351459e-44 1.370153e-44
3.750000e+00 -4.375000e+00 2.371159e-45 2.408416e-45
4.062500e+00 -4.375000e+00 2.398276e-46 2.466675e-46
4.375000e+00 -4.375000e+00 1.201515e-47 1.243739e-47
4.687500e+00 -4.375000e+00 2.340431e-49 2.057899e-49
5.000000e+00 -4.375000e+00 3.195178e-50 4.973926e-50

-4.687500e+00 -4.062500e+00 9.617931e-49 7.902950e-49
-4.375000e+00 -4.062500e+00 5.080685e-47 4.896877e-47
-4.062500e+00 -4.062500e+00 8.712804e-46 8.678766e-46
-3.750000e+00 -4.062500e+00 1.655552e-44 1.662170e-44
-3.437500e+00 -4.062500e+00 2.095803e-43 2.099559e-43
-3.125000e+00 -4.062500e+00 1.824585e-42 1.825183e-42
-2.812500e+00 -4.062500e+00 1.044059e-41 1.043917e-41
-2.500000e+00 -4.062500e+00 4.011720e-41 4.009361e-41
-2.187500e+00 -4.062500e+00 1.097292e-40 1.096065e-40
-1.875000e+00 -4.062500e+00 2.239106e-40 2.235922e-40
-1.562500e+00 -4.062500e+00 3.511652e-40 3.506351e-40
-1.250000e+00 -4.062500e+00 4.391945e-40 4.384875e-40
-9.375000e-01 -4.062500e+00 4.547368e-40 4.539389e-40
-6.250000e-01 -4.062500e+00 3.961516e-40 3.954276e-40
-3.125000e-01 -4.062500e+00 2.897187e-40 2.891787e-40
0.000000e+00 -4.062500e+00 1.774922e-40 1.771261e-40
3.125000e-01 -4.062500e+00 9.308026e-41 9.286233e-41
6.250000e-01 -4.062500e+00 4.702156e-41 4.693764e-41
9.375000e-01 -4.062500e+00 3.207542e-41 3.208047e-41
1.250000e+00 -4.062500e+00 3.153067e-41 3.155498e-41
1.562500e+00 -4.062500e+00 3.008183e-41 3.007617e-41
1.875000e+00 -4.062500e+00 2.298915e-41 2.296690e-41
2.187500e+00 -4.062500e+00 1.342550e-41 1.341964e-41
2.500000e+00 -4.062500e+00 6.020883e-42 6.031908e-42
2.812500e+00 -4.062500e+00 2.326539e-42 2.339690e-42
3.125000e+00 -4.062500e+00 8.392670e-43 8.466300e-43
3.437500e+00 -4.062500e+00 2.317599e-43 2.338977e-43
3.750000e+00 -4.062500e+00 4.066270e-44 4.108076e-44
4.062500e+00 -4.062500e+00 4.112773e-45 4.177690e-45
4.375000e+00 -4.062500e+00 2.060462e-46 2.111773e-46
4.687500e+00 -4.062500e+00 4.013576e-48 3.828864e-48
5.000000e+00 -4.062500e+00 5.479371e-49 5.734758e-49

-4.687500e+00 -3.750000e+00 1.827538e-47 1.717443e-47
-4.375000e+00 -3.750000e+00 9.653997e-46 9.548060e-46
-4.062500e+00 -3.750000e+00 1.655552e-44 1.655980e-44
-3.750000e+00 -3.750000e+00 3.145775e-43 3.158652e-43
-3.437500e+00 -3.750000e+00 3.982311e-42 3.997233e-42
-3.125000e+00 -3.750000e+00 3.466961e-41 3.478800e-41
-2.812500e+00 -3.750000e+00 1.983854e-40 1.990604e-40
-2.500000e+00 -3.750000e+00 7.622817e-40 7.648589e-40
-2.187500e+00 -3.750000e+00 2.085005e-39 2.091864e-39
-1.875000e+00 -3.750000e+00 4.254607e-39 4.268367e-39
-1.562500e+00 -3.750000e+00 6.672620e-39 6.694263e-39
-1.250000e+00 -3.750000e+00 8.345295e-39 8.372331e-39
-9.375000e-01 -3.750000e+00 8.640621e-39 8.668298e-39
-6.250000e-01 -3.750000e+00 7.527423e-39 7.551442e-39
-3.125000e-01 -3.750000e+00 5.505052e-39 5.522690e-39
0.000000e+00 -3.750000e+00 3.372595e-39 3.383304e-39
3.125000e-01 -3.750000e+00 1.768652e-39 1.774209e-39
6.250000e-01 -3.750000e+00 8.934739e-40 8.965334e-40
9.375000e-01 -3.750000e+00 6.094769e-40 6.119473e-40
1.250000e+00 -3.750000e+00 5.991257e-40 6.015819e-40
1.562500e+00 -3.750000e+00 5.715959e-40 5.736916e-40
1.875000e+00 -3.750000e+00 4.368252e-40 4.382712e-40
2.187500e+00 -3.750000e+00 2.551028e-40 2.559731e-40
2.500000e+00 -3.750000e+00 1.144050e-40 1.148792e-40
2.812500e+00 -3.750000e+00 4.420742e-41 4.444285e-41
3.125000e+00 -3.750000e+00 1.594722e-41 1.604318e-41
3.437500e+00 -3.750000e+00 4.403756e-42 4.429490e-42
3.750000e+00 -3.750000e+00 7.726469e-43 7.772270e-43
4.062500e+00 -3.750000e+00 7.814831e-44 7.869598e-44
4.375000e+00 -3.750000e+00 3.915160e-45 3.942235e-45
4.687500e+00 -3.750000e+00 7.626343e-47 7.589802e-47
5.000000e+00 -3.750000e+00 1.041155e-47 9.925245e-48

-4.687500e+00 -3.437500e+00 2.313525e-46 2.191623e-46
-4.375000e+00 -3.437500e+00 1.222122e-44 1.208508e-44
-4.062500e+00 -3.437500e+00 2.095803e-43 2.095648e-43
-3.750000e+00 -3.437500e+00 3.982311e-42 3.996167e-42
-3.437500e+00 -3.437500e+00 5.041303e-41 5.058227e-41
-3.125000e+00 -3.437500e+00 4.388908e-40 4.402489e-40
-2.812500e+00 -3.437500e+00 2.511409e-39 2.519155e-39
-2.500000e+00 -3.437500e+00 9.649906e-39 9.679775e-39
-2.187500e+00 -3.437500e+00 2.639458e-38 2.647501e-38
-1.875000e+00 -3.437500e+00 5.386008e-38 5.402246e-38
-1.562500e+00 -3.437500e+00 8.447029e-38 8.472702e-38
-1.250000e+00 -3.437500e+00 1.056451e-37 1.059678e-37
-9.375000e-01 -3.437500e+00 1.093837e-37 1.097155e-37
-6.250000e-01 -3.437500e+00 9.529144e-38 9.558014e-38
-3.125000e-01 -3.437500e+00 6.968977e-38 6.990305e-38
0.000000e+00 -3.437500e+00 4.269449e-38 4.282594e-38
3.125000e-01 -3.437500e+00 2.238979e-38 2.245943e-38
6.250000e-01 -3.437500e+00 1.131070e-38 1.134910e-38
9.375000e-01 -3.437500e+00 7.715514e-39 7.745187e-39
1.250000e+00 -3.437500e+00 7.584476e-39 7.612952e-39
1.562500e+00 -3.437500e+00 7.235968e-39 7.260142e-39
1.875000e+00 -3.437500e+00 5.529874e-39 5.546538e-39
2.187500e+00 -3.437500e+00 3.229408e-39 3.239279e-39
2.500000e+00 -3.437500e+00 1.448280e-39 1.453497e-39
2.812500e+00 -3.437500e+00 5.596323e-40 5.620983e-40
3.125000e+00 -3.437500e+00 2.018797e-40 2.028263e-40
3.437500e+00 -3.437500e+00 5.574819e-41 5.599124e-41
3.750000e+00 -3.437500e+00 9.781122e-42 9.823200e-42
4.062500e+00 -3.437500e+00 9.892982e-43 9.943718e-43
4.375000e+00 -3.437500e+00 4.956294e-44 4.979406e-44
4.687500e+00 -3.437500e+00 9.654370e-46 9.616386e-46
5.000000e+00 -3.437500e+00 1.318023e-46 1.245414e-46

-4.687500e+00 -3.125000e+00 2.014131e-45 1.900710e-45
-4.375000e+00 -3.125000e+00 1.063968e-43 1.050053e-43
-4.062500e+00 -3.125000e+00 1.824585e-42 1.822900e-42
-3.750000e+00 -3.125000e+00 3.466961e-41 3.477786e-41
-3.437500e+00 -3.125000e+00 4.388908e-40 4.402018e-40
-3.125000e+00 -3.125000e+00 3.820940e-39 3.831251e-39
-2.812500e+00 -3.125000e+00 2.186407e-38 2.192296e-38
-2.500000e+00 -3.125000e+00 8.401113e-38 8.423835e-38
-2.187500e+00 -3.125000e+00 2.297886e-37 2.303980e-37
-1.875000e+00 -3.125000e+00 4.689005e-37 4.701272e-37
-1.562500e+00 -3.125000e+00 7.353899e-37 7.373320e-37
-1.250000e+00 -3.125000e+00 9.197356e-37 9.221802e-37
-9.375000e-01 -3.125000e+00 9.522835e-37 9.547945e-37
-6.250000e-01 -3.125000e+00 8.295978e-37 8.317812e-37
-3.125000e-01 -3.125000e+00 6.067122e-37 6.083253e-37
0.000000e+00 -3.125000e+00 3.716940e-37 3.726861e-37
3.125000e-01 -3.125000e+00 1.949233e-37 1.954484e-37
6.250000e-01 -3.125000e+00 9.846982e-38 9.876451e-38
9.375000e-01 -3.125000e+00 6.717050e-38 6.740479e-38
1.250000e+00 -3.125000e+00 6.602969e-38 6.625475e-38
1.562500e+00 -3.125000e+00 6.299562e-38 6.318245e-38
1.875000e+00 -3.125000e+00 4.814254e-38 4.826819e-38
2.187500e+00 -3.125000e+00 2.811490e-38 2.818974e-38
2.500000e+00 -3.125000e+00 1.260858e-38 1.264980e-38
2.812500e+00 -3.125000e+00 4.872104e-39 4.892410e-39
3.125000e+00 -3.125000e+00 1.757544e-39 1.765497e-39
3.437500e+00 -3.125000e+00 4.853382e-40 4.873781e-40
3.750000e+00 -3.125000e+00 8.515348e-41 8.550459e-41
4.062500e+00 -3.125000e+00 8.612732e-42 8.654951e-42
4.375000e+00 -3.125000e+00 4.314901e-43 4.331443e-43
4.687500e+00 -3.125000e+00 8.404998e-45 8.348694e-45
5.000000e+00 -3.125000e+00 1.147458e-45 1.089755e-45

-4.687500e+00 -2.812500e+00 1.152521e-44 1.085767e-44
-4.375000e+00 -2.812500e+00 6.088206e-43 6.003630e-43
-4.062500e+00 -2.812500e+00 1.044059e-41 1.042792e-41
-3.750000e+00 -2.812500e+00 1.983854e-40 1.990011e-40
-3.437500e+00 -2.812500e+00 2.511409e-39 2.518897e-39
-3.125000e+00 -2.812500e+00 2.186407e-38 2.192281e-38
-2.812500e+00 -2.812500e+00 1.251100e-37 1.254458e-37
-2.500000e+00 -2.812500e+00 4.807261e-37 4.820227e-37
-2.187500e+00 -2.812500e+00 1.314890e-36 1.318367e-36
-1.875000e+00 -2.812500e+00 2.683129e-36 2.690128e-36
-1.562500e+00 -2.812500e+00 4.208027e-36 4.219110e-36
-1.250000e+00 -2.812500e+00 5.262885e-36 5.276846e-36
-9.375000e-01 -2.812500e+00 5.449129e-36 5.463480e-36
-6.250000e-01 -2.812500e+00 4.747101e-36 4.759578e-36
-3.125000e-01 -2.812500e+00 3.471711e-36 3.480922e-36
0.000000e+00 -2.812500e+00 2.126897e-36 2.132559e-36
3.125000e-01 -2.812500e+00 1.115384e-36 1.118382e-36
6.250000e-01 -2.812500e+00 5.634612e-37 5.651449e-37
9.375000e-01 -2.812500e+00 3.843611e-37 3.857012e-37
1.250000e+00 -2.812500e+00 3.778332e-37 3.791201e-37
1.562500e+00 -2.812500e+00 3.604718e-37 3.615369e-37
1.875000e+00 -2.812500e+00 2.754798e-37 2.761934e-37
2.187500e+00 -2.812500e+00 1.608783e-37 1.613034e-37
2.500000e+00 -2.812500e+00 7.214848e-38 7.238394e-38
2.812500e+00 -2.812500e+00 2.787901e-38 2.799549e-38
3.125000e+00 -2.812500e+00 1.005697e-38 1.010272e-38
3.437500e+00 -2.812500e+00 2.777189e-39 2.788932e-39
3.750000e+00 -2.812500e+00 4.872628e-40 4.892702e-40
4.062500e+00 -2.812500e+00 4.928353e-41 4.952230e-41
4.375000e+00 -2.812500e+00 2.469060e-42 2.477302e-42
4.687500e+00 -2.812500e+00 4.809484e-44 4.772304e-44
5.000000e+00 -2.812500e+00 6.565952e-45 6.256777e-45

-4.687500e+00 -2.500000e+00 4.428477e-44 4.168053e-44
-4.375000e+00 -2.500000e+00 2.339349e-42 2.306077e-42
-4.062500e+00 -2.500000e+00 4.011720e-41 4.006682e-41
-3.750000e+00 -2.500000e+00 7.622817e-40 7.646689e-40
-3.437500e+00 -2.500000e+00 9.649906e-39 9.678866e-39
-3.125000e+00 -2.500000e+00 8.401113e-38 8.423769e-38
-2.812500e+00 -2.500000e+00 4.807261e-37 4.820205e-37
-2.500000e+00 -2.500000e+00 1.847155e-36 1.852151e-36
-2.187500e+00 -2.500000e+00 5.052368e-36 5.065757e-36
-1.875000e+00 -2.500000e+00 1.030973e-35 1.033667e-35
-1.562500e+00 -2.500000e+00 1.616904e-35 1.621170e-35
-1.250000e+00 -2.500000e+00 2.022225e-35 2.027599e-35
-9.375000e-01 -2.500000e+00 2.093789e-35 2.099311e-35
-6.250000e-01 -2.500000e+00 1.824039e-35 1.828840e-35
-3.125000e-01 -2.500000e+00 1.333980e-35 1.337524e-35
0.000000e+00 -2.500000e+00 8.172447e-36 8.194231e-36
3.125000e-01 -2.500000e+00 4.285784e-36 4.297314e-36
6.250000e-01 -2.500000e+00 2.165059e-36 2.171549e-36
9.375000e-01 -2.500000e+00 1.476880e-36 1.482064e-36
1.250000e+00 -2.500000e+00 1.451797e-36 1.456777e-36
1.562500e+00 -2.500000e+00 1.385087e-36 1.389199e-36
1.875000e+00 -2.500000e+00 1.058511e-36 1.061260e-36
2.187500e+00 -2.500000e+00 6.181632e-37 6.198020e-37
2.500000e+00 -2.500000e+00 2.772253e-37 2.781368e-37
2.812500e+00 -2.500000e+00 1.071231e-37 1.075758e-37
3.125000e+00 -2.500000e+00 3.864318e-38 3.882131e-38
3.437500e+00 -2.500000e+00 1.067115e-38 1.071687e-38
3.750000e+00 -2.500000e+00 1.872272e-39 1.880093e-39
4.062500e+00 -2.500000e+00 1.893684e-40 1.903013e-40
4.375000e+00 -2.500000e+00 9.487185e-42 9.519856e-42
4.687500e+00 -2.500000e+00 1.848010e-43 1.832709e-43
5.000000e+00 -2.500000e+00 2.522920e-44 2.405609e-44

-4.687500e+00 -2.187500e+00 1.211284e-43 1.140580e-43
-4.375000e+00 -2.187500e+00 6.398625e-42 6.306883e-42
-4.062500e+00 -2.187500e+00 1.097292e-40 1.095762e-40
-3.750000e+00 -2.187500e+00 2.085005e-39 2.091393e-39
-3.437500e+00 -2.187500e+00 2.639458e-38 2.647177e-38
-3.125000e+00 -2.187500e+00 2.297886e-37 2.303910e-37
-2.812500e+00 -2.187500e+00 1.314890e-36 1.318344e-36
-2.500000e+00 -2.187500e+00 5.052368e-36 5.065724e-36
-2.187500e+00 -2.187500e+00 1.381932e-35 1.385510e-35
-1.875000e+00 -2.187500e+00 2.819934e-35 2.827131e-35
-1.562500e+00 -2.187500e+00 4.422582e-35 4.433985e-35
-1.250000e+00 -2.187500e+00 5.531223e-35 5.545586e-35
-9.375000e-01 -2.187500e+00 5.726964e-35 5.741716e-35
-6.250000e-01 -2.187500e+00 4.989141e-35 5.001964e-35
-3.125000e-01 -2.187500e+00 3.648723e-35 3.658186e-35
0.000000e+00 -2.187500e+00 2.235341e-35 2.241144e-35
3.125000e-01 -2.187500e+00 1.172255e-35 1.175319e-35
6.250000e-01 -2.187500e+00 5.921904e-36 5.939241e-36
9.375000e-01 -2.187500e+00 4.039585e-36 4.053589e-36
1.250000e+00 -2.187500e+00 3.970978e-36 3.984473e-36
1.562500e+00 -2.187500e+00 3.788511e-36 3.799605e-36
1.875000e+00 -2.187500e+00 2.895257e-36 2.902628e-36
2.187500e+00 -2.187500e+00 1.690810e-36 1.695212e-36
2.500000e+00 -2.187500e+00 7.582711e-37 7.607479e-37
2.812500e+00 -2.187500e+00 2.930048e-37 2.942508e-37
3.125000e+00 -2.187500e+00 1.056974e-37 1.061914e-37
3.437500e+00 -2.187500e+00 2.918789e-38 2.931491e-38
3.750000e+00 -2.187500e+00 5.121069e-39 5.142831e-39
4.062500e+00 -2.187500e+00 5.179634e-40 5.205323e-40
4.375000e+00 -2.187500e+00 2.594950e-41 2.603579e-41
4.687500e+00 -2.187500e+00 5.054705e-43 5.011157e-43
5.000000e+00 -2.187500e+00 6.900730e-44 6.577814e-44

-4.687500e+00 -1.875000e+00 2.471715e-43 2.328270e-43
-4.375000e+00 -1.875000e+00 1.305687e-41 1.286754e-41
-4.062500e+00 -1.875000e+00 2.239106e-40 2.235677e-40
-3.750000e+00 -1.875000e+00 4.254607e-39 4.267428e-39
-3.437500e+00 -1.875000e+00 5.386008e-38 5.401459e-38
-3.125000e+00 -1.875000e+00 4.689005e-37 4.701042e-37
-2.812500e+00 -1.875000e+00 2.683129e-36 2.690056e-36
-2.500000e+00 -1.875000e+00 1.030973e-35 1.033656e-35
-2.187500e+00 -1.875000e+00 2.819934e-35 2.827120e-35
-1.875000e+00 -1.875000e+00 5.754283e-35 5.768739e-35
-1.562500e+00 -1.875000e+00 9.024605e-35 9.047518e-35
-1.250000e+00 -1.875000e+00 1.128687e-34 1.131573e-34
-9.375000e-01 -1.875000e+00 1.168629e-34 1.171592e-34
-6.250000e-01 -1.875000e+00 1.018071e-34 1.020646e-34
-3.125000e-01 -1.875000e+00 7.445489e-35 7.464486e-35
0.000000e+00 -1.875000e+00 4.561378e-35 4.573006e-35
3.125000e-01 -1.875000e+00 2.392072e-35 2.398200e-35
6.250000e-01 -1.875000e+00 1.208408e-35 1.211890e-35
9.375000e-01 -1.875000e+00 8.243071e-36 8.271463e-36
1.250000e+00 -1.875000e+00 8.103074e-36 8.130503e-36
1.562500e+00 -1.875000e+00 7.730737e-36 7.753199e-36
1.875000e+00 -1.875000e+00 5.907986e-36 5.922832e-36
2.187500e+00 -1.875000e+00 3.450222e-36 3.459100e-36
2.500000e+00 -1.875000e+00 1.547308e-36 1.552352e-36
2.812500e+00 -1.875000e+00 5.978979e-37 6.004624e-37
3.125000e+00 -1.875000e+00 2.156834e-37 2.167059e-37
3.437500e+00 -1.875000e+00 5.956005e-38 5.982333e-38
3.750000e+00 -1.875000e+00 1.044992e-38 1.049506e-38
4.062500e+00 -1.875000e+00 1.056943e-39 1.062216e-39
4.375000e+00 -1.875000e+00 5.295187e-41 5.312027e-41
4.687500e+00 -1.875000e+00 1.031450e-42 1.022161e-42
5.000000e+00 -1.875000e+00 1.408145e-43 1.342140e-43

-4.687500e+00 -1.562500e+00 3.876460e-43 3.648577e-43
-4.375000e+00 -1.562500e+00 2.047745e-41 2.017622e-41
-4.062500e+00 -1.562500e+00 3.511652e-40 3.506359e-40
-3.750000e+00 -1.562500e+00 6.672620e-39 6.693046e-39
-3.437500e+00 -1.562500e+00 8.447029e-38 8.471595e-38
-3.125000e+00 -1.562500e+00 7.353899e-37 7.373006e-37
-2.812500e+00 -1.562500e+00 4.208027e-36 4.219004e-36
-2.500000e+00 -1.562500e+00 1.616904e-35 1.621151e-35
-2.187500e+00 -1.562500e+00 4.422582e-35 4.433953e-35
-1.875000e+00 -1.562500e+00 9.024605e-35 9.047470e-35
-1.562500e+00 -1.562500e+00 1.415354e-34 1.418978e-34
-1.250000e+00 -1.562500e+00 1.770152e-34 1.774716e-34
-9.375000e-01 -1.562500e+00 1.832794e-34 1.837480e-34
-6.250000e-01 -1.562500e+00 1.596670e-34 1.600742e-34
-3.125000e-01 -1.562500e+00 1.167697e-34 1.170702e-34
0.000000e+00 -1.562500e+00 7.153737e-35 7.172139e-35
3.125000e-01 -1.562500e+00 3.751554e-35 3.761256e-35
6.250000e-01 -1.562500e+00 1.895181e-35 1.900698e-35
9.375000e-01 -1.562500e+00 1.292784e-35 1.297286e-35
1.250000e+00 -1.562500e+00 1.270828e-35 1.275174e-35
1.562500e+00 -1.562500e+00 1.212433e-35 1.215990e-35
1.875000e+00 -1.562500e+00 9.265661e-36 9.289156e-36
2.187500e+00 -1.562500e+00 5.411081e-36 5.425134e-36
2.500000e+00 -1.562500e+00 2.426687e-36 2.434677e-36
2.812500e+00 -1.562500e+00 9.377001e-37 9.417632e-37
3.125000e+00 -1.562500e+00 3.382624e-37 3.398815e-37
3.437500e+00 -1.562500e+00 9.340970e-38 9.382634e-38
3.750000e+00 -1.562500e+00 1.638890e-38 1.646041e-38
4.062500e+00 -1.562500e+00 1.657633e-39 1.666036e-39
4.375000e+00 -1.562500e+00 8.304591e-41 8.332566e-41
4.687500e+00 -1.562500e+00 1.617652e-42 1.602509e-42
5.000000e+00 -1.562500e+00 2.208433e-43 2.105403e-43

-4.687500e+00 -1.250000e+00 4.848201e-43 4.560019e-43
-4.375000e+00 -1.250000e+00 2.561069e-41 2.523993e-41
-4.062500e+00 -1.250000e+00 4.391945e-40 4.386161e-40
-3.750000e+00 -1.250000e+00 8.345295e-39 8.371344e-39
-3.437500e+00 -1.250000e+00 1.056451e-37 1.059576e-37
-3.125000e+00 -1.250000e+00 9.197356e-37 9.221655e-37
-2.812500e+00 -1.250000e+00 5.262885e-36 5.276783e-36
-2.500000e+00 -1.250000e+00 2.022225e-35 2.027588e-35
-2.187500e+00 -1.250000e+00 5.531223e-35 5.545564e-35
-1.875000e+00 -1.250000e+00 1.128687e-34 1.131569e-34
-1.562500e+00 -1.250000e+00 1.770152e-34 1.774716e-34
-1.250000e+00 -1.250000e+00 2.213889e-34 2.219635e-34
-9.375000e-01 -1.250000e+00 2.292234e-34 2.298132e-34
-6.250000e-01 -1.250000e+00 1.996919e-34 2.002044e-34
-3.125000e-01 -1.250000e+00 1.460412e-34 1.464196e-34
0.000000e+00 -1.250000e+00 8.947018e-35 8.970217e-35
3.125000e-01 -1.250000e+00 4.691984e-35 4.704228e-35
6.250000e-01 -1.250000e+00 2.370260e-35 2.377205e-35
9.375000e-01 -1.250000e+00 1.616856e-35 1.622495e-35
1.250000e+00 -1.250000e+00 1.589396e-35 1.594836e-35
1.562500e+00 -1.250000e+00 1.516363e-35 1.520827e-35
1.875000e+00 -1.250000e+00 1.158835e-35 1.161797e-35
2.187500e+00 -1.250000e+00 6.767517e-36 6.785231e-36
2.500000e+00 -1.250000e+00 3.035003e-36 3.045012e-36
2.812500e+00 -1.250000e+00 1.172760e-36 1.177820e-36
3.125000e+00 -1.250000e+00 4.230572e-37 4.250681e-37
3.437500e+00 -1.250000e+00 1.168254e-37 1.173430e-37
3.750000e+00 -1.250000e+00 2.049723e-38 2.058631e-38
4.062500e+00 -1.250000e+00 2.073164e-39 2.083809e-39
4.375000e+00 -1.250000e+00 1.038636e-40 1.042564e-40
4.687500e+00 -1.250000e+00 2.023161e-42 2.005078e-42
5.000000e+00 -1.250000e+00 2.762038e-43 2.632351e-43

-4.687500e+00 -9.375000e-01 5.019770e-43 4.723345e-43
-4.375000e+00 -9.375000e-01 2.651701e-41 2.615399e-41
-4.062500e+00 -9.375000e-01 4.547368e-40 4.542476e-40
-3.750000e+00 -9.375000e-01 8.640621e-39 8.667733e-39
-3.437500e+00 -9.375000e-01 1.093837e-37 1.097071e-37
-3.125000e+00 -9.375000e-01 9.522835e-37 9.548031e-37
-2.812500e+00 -9.375000e-01 5.449129e-36 5.463510e-36
-2.500000e+00 -9.375000e-01 2.093789e-35 2.099324e-35
-2.187500e+00 -9.375000e-01 5.726964e-35 5.741744e-35
-1.875000e+00 -9.375000e-01 1.168629e-34 1.171597e-34
-1.562500e+00 -9.375000e-01 1.832794e-34 1.837489e-34
-1.250000e+00 -9.375000e-01 2.292234e-34 2.298138e-34
-9.375000e-01 -9.375000e-01 2.373353e-34 2.379408e-34
-6.250000e-01 -9.375000e-01 2.067586e-34 2.072847e-34
-3.125000e-01 -9.375000e-01 1.512094e-34 1.515976e-34
0.000000e+00 -9.375000e-01 9.263638e-35 9.287433e-35
3.125000e-01 -9.375000e-01 4.858025e-35 4.870563e-35
6.250000e-01 -9.375000e-01 2.454139e-35 2.461224e-35
9.375000e-01 -9.375000e-01 1.674074e-35 1.679818e-35
1.250000e+00 -9.375000e-01 1.645642e-35 1.651201e-35
1.562500e+00 -9.375000e-01 1.570024e-35 1.574609e-35
1.875000e+00 -9.375000e-01 1.199845e-35 1.202903e-35
2.187500e+00 -9.375000e-01 7.007008e-36 7.025322e-36
2.500000e+00 -9.375000e-01 3.142406e-36 3.152698e-36
2.812500e+00 -9.375000e-01 1.214262e-36 1.219449e-36
3.125000e+00 -9.375000e-01 4.380285e-37 4.400957e-37
3.437500e+00 -9.375000e-01 1.209597e-37 1.214943e-37
3.750000e+00 -9.375000e-01 2.122259e-38 2.131515e-38
4.062500e+00 -9.375000e-01 2.146530e-39 2.157712e-39
4.375000e+00 -9.375000e-01 1.075392e-40 1.079896e-40
4.687500e+00 -9.375000e-01 2.094757e-42 2.078591e-42
5.000000e+00 -9.375000e-01 2.859782e-43 2.722744e-43

-4.687500e+00 -6.250000e-01 4.373058e-43 4.123151e-43
-4.375000e+00 -6.250000e-01 2.310074e-41 2.280104e-41
-4.062500e+00 -6.250000e-01 3.961516e-40 3.957555e-40
-3.750000e+00 -6.250000e-01 7.527423e-39 7.550821e-39
-3.437500e+00 -6.250000e-01 9.529144e-38 9.556961e-38
-3.125000e+00 -6.250000e-01 8.295978e-37 8.317745e-37
-2.812500e+00 -6.250000e-01 4.747101e-36 4.759581e-36
-2.500000e+00 -6.250000e-01 1.824039e-35 1.828851e-35
-2.187500e+00 -6.250000e-01 4.989141e-35 5.001995e-35
-1.875000e+00 -6.250000e-01 1.018071e-34 1.020653e-34
-1.562500e+00 -6.250000e-01 1.596670e-34 1.600753e-34
-1.250000e+00 -6.250000e-01 1.996919e-34 2.002048e-34
-9.375000e-01 -6.250000e-01 2.067586e-34 2.072844e-34
-6.250000e-01 -6.250000e-01 1.801213e-34 1.805780e-34
-3.125000e-01 -6.250000e-01 1.317286e-34 1.320654e-34
0.000000e+00 -6.250000e-01 8.070174e-35 8.090759e-35
3.125000e-01 -6.250000e-01 4.232150e-35 4.242957e-35
6.250000e-01 -6.250000e-01 2.137965e-35 2.144063e-35
9.375000e-01 -6.250000e-01 1.458398e-35 1.463368e-35
1.250000e+00 -6.250000e-01 1.433629e-35 1.438466e-35
1.562500e+00 -6.250000e-01 1.367753e-35 1.371754e-35
1.875000e+00 -6.250000e-01 1.045265e-35 1.047940e-35
2.187500e+00 -6.250000e-01 6.104273e-36 6.120305e-36
2.500000e+00 -6.250000e-01 2.737560e-36 2.746573e-36
2.812500e+00 -6.250000e-01 1.057825e-36 1.062386e-36
3.125000e+00 -6.250000e-01 3.815959e-37 3.834247e-37
3.437500e+00 -6.250000e-01 1.053760e-37 1.058515e-37
3.750000e+00 -6.250000e-01 1.848842e-38 1.857107e-38
4.062500e+00 -6.250000e-01 1.869986e-39 1.879840e-39
4.375000e+00 -6.250000e-01 9.368459e-41 9.407762e-41
4.687500e+00 -6.250000e-01 1.824883e-42 1.812456e-42
5.000000e+00 -6.250000e-01 2.491347e-43 2.368072e-43

-4.687500e+00 -3.125000e-01 3.198161e-43 3.024559e-43
-4.375000e+00 -3.125000e-01 1.689433e-41 1.667251e-41
-4.062500e+00 -3.125000e-01 2.897187e-40 2.893477e-40
-3.750000e+00 -3.125000e-01 5.505052e-39 5.521612e-39
-3.437500e+00 -3.125000e-01 6.968977e-38 6.988826e-38
-3.125000e+00 -3.125000e-01 6.067122e-37 6.082736e-37
-2.812500e+00 -3.125000e-01 3.471711e-36 3.480762e-36
-2.500000e+00 -3.125000e-01 1.333980e-35 1.337495e-35
-2.187500e+00 -3.125000e-01 3.648723e-35 3.658152e-35
-1.875000e+00 -3.125000e-01 7.445489e-35 7.464482e-35
-1.562500e+00 -3.125000e-01 1.167697e-34 1.170706e-34
-1.250000e+00 -3.125000e-01 1.460412e-34 1.464195e-34
-9.375000e-01 -3.125000e-01 1.512094e-34 1.515974e-34
-6.250000e-01 -3.125000e-01 1.317286e-34 1.320658e-34
-3.125000e-01 -3.125000e-01 9.633747e-35 9.658595e-35
0.000000e+00 -3.125000e-01 5.901984e-35 5.917136e-35
3.125000e-01 -3.125000e-01 3.095111e-35 3.103052e-35
6.250000e-01 -3.125000e-01 1.563564e-35 1.568064e-35
9.375000e-01 -3.125000e-01 1.066574e-35 1.070267e-35
1.250000e+00 -3.125000e-01 1.048460e-35 1.052056e-35
1.562500e+00 -3.125000e-01 1.000283e-35 1.003248e-35
1.875000e+00 -3.125000e-01 7.644366e-36 7.664076e-36
2.187500e+00 -3.125000e-01 4.464256e-36 4.476047e-36
2.500000e+00 -3.125000e-01 2.002068e-36 2.008743e-36
2.812500e+00 -3.125000e-01 7.736223e-37 7.770244e-37
3.125000e+00 -3.125000e-01 2.790736e-37 2.804386e-37
3.437500e+00 -3.125000e-01 7.706497e-38 7.741876e-38
3.750000e+00 -3.125000e-01 1.352119e-38 1.358239e-38
4.062500e+00 -3.125000e-01 1.367582e-39 1.374610e-39
4.375000e+00 -3.125000e-01 6.851463e-41 6.874938e-41
4.687500e+00 -3.125000e-01 1.334597e-42 1.324845e-42
5.000000e+00 -3.125000e-01 1.822004e-43 1.729129e-43

-4.687500e+00 0.000000e+00 1.959310e-43 1.855540e-43
-4.375000e+00 0.000000e+00 1.035008e-41 1.019903e-41
-4.062500e+00 0.000000e+00 1.774922e-40 1.771489e-40
-3.750000e+00 0.000000e+00 3.372595e-39 3.382167e-39
-3.437500e+00 0.000000e+00 4.269449e-38 4.281184e-38
-3.125000e+00 0.000000e+00 3.716940e-37 3.726177e-37
-2.812500e+00 0.000000e+00 2.126897e-36 2.132308e-36
-2.500000e+00 0.000000e+00 8.172447e-36 8.193661e-36
-2.187500e+00 0.000000e+00 2.235341e-35 2.241065e-35
-1.875000e+00 0.000000e+00 4.561378e-35 4.572946e-35
-1.562500e+00 0.000000e+00 7.153737e-35 7.172125e-35
-1.250000e+00 0.000000e+00 8.947018e-35 8.970210e-35
-9.375000e-01 0.000000e+00 9.263638e-35 9.287472e-35
-6.250000e-01 0.000000e+00 8.070174e-35 8.090907e-35
-3.125000e-01 0.000000e+00 5.901984e-35 5.917265e-35
0.000000e+00 0.000000e+00 3.615770e-35 3.625096e-35
3.125000e-01 0.000000e+00 1.896178e-35 1.901083e-35
6.250000e-01 0.000000e+00 9.578962e-36 9.606982e-36
9.375000e-01 0.000000e+00 6.534222e-36 6.557247e-36
1.250000e+00 0.000000e+00 6.423246e-36 6.445503e-36
1.562500e+00 0.000000e+00 6.128098e-36 6.146249e-36
1.875000e+00 0.000000e+00 4.683217e-36 4.695126e-36
2.187500e+00 0.000000e+00 2.734966e-36 2.742061e-36
2.500000e+00 0.000000e+00 1.226540e-36 1.230602e-36
2.812500e+00 0.000000e+00 4.739492e-37 4.760308e-37
3.125000e+00 0.000000e+00 1.709707e-37 1.717994e-37
3.437500e+00 0.000000e+00 4.721281e-38 4.742489e-38
3.750000e+00 0.000000e+00 8.283573e-39 8.319624e-39
4.062500e+00 0.000000e+00 8.378306e-40 8.417889e-40
4.375000e+00 0.000000e+00 4.197456e-41 4.205654e-41
4.687500e+00 0.000000e+00 8.176227e-43 8.098830e-43
5.000000e+00 0.000000e+00 1.116226e-43 1.060419e-43

-4.687500e+00 3.125000e-01 1.027499e-43 9.689437e-44
-4.375000e+00 3.125000e-01 5.427776e-42 5.334502e-42
-4.062500e+00 3.125000e-01 9.308026e-41 9.283366e-41
-3.750000e+00 3.125000e-01 1.768652e-39 1.773591e-39
-3.437500e+00 3.125000e-01 2.238979e-38 2.245164e-38
-3.125000e+00 3.125000e-01 1.949233e-37 1.954055e-37
-2.812500e+00 3.125000e-01 1.115384e-36 1.118206e-36
-2.500000e+00 3.125000e-01 4.285784e-36 4.296871e-36
-2.187500e+00 3.125000e-01 1.172255e-35 1.175252e-35
-1.875000e+00 3.125000e-01 2.392072e-35 2.398131e-35
-1.562500e+00 3.125000e-01 3.751554e-35 3.761203e-35
-1.250000e+00 3.125000e-01 4.691984e-35 4.704199e-35
-9.375000e-01 3.125000e-01 4.858025e-35 4.870611e-35
-6.250000e-01 3.125000e-01 4.232150e-35 4.243103e-35
-3.125000e-01 3.125000e-01 3.095111e-35 3.103187e-35
0.000000e+00 3.125000e-01 1.896178e-35 1.901124e-35
3.125000e-01 3.125000e-01 9.943911e-36 9.970108e-36
6.250000e-01 3.125000e-01 5.023387e-36 5.038430e-36
9.375000e-01 3.125000e-01 3.426668e-36 3.438953e-36
1.250000e+00 3.125000e-01 3.368471e-36 3.380215e-36
1.562500e+00 3.125000e-01 3.213689e-36 3.223159e-36
1.875000e+00 3.125000e-01 2.455967e-36 2.462100e-36
2.187500e+00 3.125000e-01 1.434267e-36 1.437912e-36
2.500000e+00 3.125000e-01 6.432204e-37 6.453285e-37
2.812500e+00 3.125000e-01 2.485479e-37 2.496280e-37
3.125000e+00 3.125000e-01 8.966022e-38 9.008629e-38
3.437500e+00 3.125000e-01 2.475928e-38 2.486700e-38
3.750000e+00 3.125000e-01 4.344061e-39 4.361950e-39
4.062500e+00 3.125000e-01 4.393741e-40 4.413060e-40
4.375000e+00 3.125000e-01 2.201224e-41 2.202853e-41
4.687500e+00 3.125000e-01 4.287767e-43 4.232847e-43
5.000000e+00 3.125000e-01 5.853698e-44 5.598841e-44

-4.687500e+00 6.250000e-01 5.190638e-44 4.853282e-44
-4.375000e+00 6.250000e-01 2.741962e-42 2.689285e-42
-4.062500e+00 6.250000e-01 4.702156e-41 4.689988e-41
-3.750000e+00 6.250000e-01 8.934739e-40 8.963857e-40
-3.437500e+00 6.250000e-01 1.131070e-38 1.134702e-38
-3.125000e+00 6.250000e-01 9.846982e-38 9.875142e-38
-2.812500e+00 6.250000e-01 5.634612e-37 5.650811e-37
-2.500000e+00 6.250000e-01 2.165059e-36 2.171360e-36
-2.187500e+00 6.250000e-01 5.921904e-36 5.938871e-36
-1.875000e+00 6.250000e-01 1.208408e-35 1.211829e-35
-1.562500e+00 6.250000e-01 1.895181e-35 1.900618e-35
-1.250000e+00 6.250000e-01 2.370260e-35 2.377144e-35
-9.375000e-01 6.250000e-01 2.454139e-35 2.461239e-35
-6.250000e-01 6.250000e-01 2.137965e-35 2.144141e-35
-3.125000e-01 6.250000e-01 1.563564e-35 1.568119e-35
0.000000e+00 6.250000e-01 9.578962e-36 9.606976e-36
3.125000e-01 6.250000e-01 5.023387e-36 5.038291e-36
6.250000e-01 6.250000e-01 2.537675e-36 2.546160e-36
9.375000e-01 6.250000e-01 1.731057e-36 1.737863e-36
1.250000e+00 6.250000e-01 1.701658e-36 1.708132e-36
1.562500e+00 6.250000e-01 1.623466e-36 1.628718e-36
1.875000e+00 6.250000e-01 1.240686e-36 1.244120e-36
2.187500e+00 6.250000e-01 7.245519e-37 7.265931e-37
2.500000e+00 6.250000e-01 3.249370e-37 3.260988e-37
2.812500e+00 6.250000e-01 1.255595e-37 1.261427e-37
3.125000e+00 6.250000e-01 4.529385e-38 4.552195e-38
3.437500e+00 6.250000e-01 1.250770e-38 1.256542e-38
3.750000e+00 6.250000e-01 2.194499e-39 2.204048e-39
4.062500e+00 6.250000e-01 2.219596e-40 2.230364e-40
4.375000e+00 6.250000e-01 1.111997e-41 1.113600e-41
4.687500e+00 6.250000e-01 2.166060e-43 2.132614e-43
5.000000e+00 6.250000e-01 2.957125e-44 2.851179e-44

-4.687500e+00 9.375000e-01 3.540757e-44 3.307816e-44
-4.375000e+00 9.375000e-01 1.870410e-42 1.835000e-42
-4.062500e+00 9.375000e-01 3.207542e-41 3.201549e-41
-3.750000e+00 9.375000e-01 6.094769e-40 6.118383e-40
-3.437500e+00 9.375000e-01 7.715514e-39 7.744916e-39
-3.125000e+00 9.375000e-01 6.717050e-38 6.740157e-38
-2.812500e+00 9.375000e-01 3.843611e-37 3.856828e-37
-2.500000e+00 9.375000e-01 1.476880e-36 1.482002e-36
-2.187500e+00 9.375000e-01 4.039585e-36 4.053400e-36
-1.875000e+00 9.375000e-01 8.243071e-36 8.270968e-36
-1.562500e+00 9.375000e-01 1.292784e-35 1.297211e-35
-1.250000e+00 9.375000e-01 1.616856e-35 1.622452e-35
-9.375000e-01 9.375000e-01 1.674074e-35 1.679846e-35
-6.250000e-01 9.375000e-01 1.458398e-35 1.463421e-35
-3.125000e-01 9.375000e-01 1.066574e-35 1.070281e-35
0.000000e+00 9.375000e-01 6.534222e-36 6.557062e-36
3.125000e-01 9.375000e-01 3.426668e-36 3.438829e-36
6.250000e-01 9.375000e-01 1.731057e-36 1.737886e-36
9.375000e-01 9.375000e-01 1.180829e-36 1.186190e-36
1.250000e+00 9.375000e-01 1.160774e-36 1.165871e-36
1.562500e+00 9.375000e-01 1.107436e-36 1.111646e-36
1.875000e+00 9.375000e-01 8.463253e-37 8.491392e-37
2.187500e+00 9.375000e-01 4.942480e-37 4.959150e-37
2.500000e+00 9.375000e-01 2.216535e-37 2.225699e-37
2.812500e+00 9.375000e-01 8.564950e-38 8.609463e-38
3.125000e+00 9.375000e-01 3.089688e-38 3.106829e-38
3.437500e+00 9.375000e-01 8.532039e-39 8.575462e-39
3.750000e+00 9.375000e-01 1.496962e-39 1.504207e-39
4.062500e+00 9.375000e-01 1.514081e-40 1.522384e-40
4.375000e+00 9.375000e-01 7.585411e-42 7.605844e-42
4.687500e+00 9.375000e-01 1.477563e-43 1.454748e-43
5.000000e+00 9.375000e-01 2.017182e-44 1.942497e-44

-4.687500e+00 1.250000e+00 3.480622e-44 3.262811e-44
-4.375000e+00 1.250000e+00 1.838643e-42 1.804334e-42
-4.062500e+00 1.250000e+00 3.153067e-41 3.146706e-41
-3.750000e+00 1.250000e+00 5.991257e-40 6.013510e-40
-3.437500e+00 1.250000e+00 7.584476e-39 7.612417e-39
-3.125000e+00 1.250000e+00 6.602969e-38 6.625006e-38
-2.812500e+00 1.250000e+00 3.778332e-37 3.791006e-37
-2.500000e+00 1.250000e+00 1.451797e-36 1.456731e-36
-2.187500e+00 1.250000e+00 3.970978e-36 3.984327e-36
-1.875000e+00 1.250000e+00 8.103074e-36 8.130081e-36
-1.562500e+00 1.250000e+00 1.270828e-35 1.275119e-35
-1.250000e+00 1.250000e+00 1.589396e-35 1.594826e-35
-9.375000e-01 1.250000e+00 1.645642e-35 1.651246e-35
-6.250000e-01 1.250000e+00 1.433629e-35 1.438508e-35
-3.125000e-01 1.250000e+00 1.048460e-35 1.052061e-35
0.000000e+00 1.250000e+00 6.423246e-36 6.445444e-36
3.125000e-01 1.250000e+00 3.368471e-36 3.380300e-36
6.250000e-01 1.250000e+00 1.701658e-36 1.708315e-36
9.375000e-01 1.250000e+00 1.160774e-36 1.166001e-36
1.250000e+00 1.250000e+00 1.141060e-36 1.146016e-36
1.562500e+00 1.250000e+00 1.088628e-36 1.092712e-36
1.875000e+00 1.250000e+00 8.319515e-37 8.346734e-37
2.187500e+00 1.250000e+00 4.858538e-37 4.874625e-37
2.500000e+00 1.250000e+00 2.178890e-37 2.187743e-37
2.812500e+00 1.250000e+00 8.419486e-38 8.462495e-38
3.125000e+00 1.250000e+00 3.037214e-38 3.053693e-38
3.437500e+00 1.250000e+00 8.387134e-39 8.428621e-39
3.750000e+00 1.250000e+00 1.471538e-39 1.478426e-39
4.062500e+00 1.250000e+00 1.488367e-40 1.496080e-40
4.375000e+00 1.250000e+00 7.456583e-42 7.471807e-42
4.687500e+00 1.250000e+00 1.452468e-43 1.430359e-43
5.000000e+00 1.250000e+00 1.982923e-44 1.904526e-44

-4.687500e+00 1.562500e+00 3.320687e-44 3.116698e-44
-4.375000e+00 1.562500e+00 1.754158e-42 1.721107e-42
-4.062500e+00 1.562500e+00 3.008183e-41 3.000141e-41
-3.750000e+00 1.562500e+00 5.715959e-40 5.734249e-40
-3.437500e+00 1.562500e+00 7.235968e-39 7.258862e-39
-3.125000e+00 1.562500e+00 6.299562e-38 6.317406e-38
-2.812500e+00 1.562500e+00 3.604718e-37 3.615074e-37
-2.500000e+00 1.562500e+00 1.385087e-36 1.389139e-36
-2.187500e+00 1.562500e+00 3.788511e-36 3.799463e-36
-1.875000e+00 1.562500e+00 7.730737e-36 7.752874e-36
-1.562500e+00 1.562500e+00 1.212433e-35 1.215957e-35
-1.250000e+00 1.562500e+00 1.516363e-35 1.520825e-35
-9.375000e-01 1.562500e+00 1.570024e-35 1.574627e-35
-6.250000e-01 1.562500e+00 1.367753e-35 1.371759e-35
-3.125000e-01 1.562500e+00 1.000283e-35 1.003238e-35
0.000000e+00 1.562500e+00 6.128098e-36 6.146237e-36
3.125000e-01 1.562500e+00 3.213689e-36 3.223325e-36
6.250000e-01 1.562500e+00 1.623466e-36 1.628969e-36
9.375000e-01 1.562500e+00 1.107436e-36 1.111873e-36
1.250000e+00 1.562500e+00 1.088628e-36 1.092852e-36
1.562500e+00 1.562500e+00 1.038605e-36 1.042027e-36
1.875000e+00 1.562500e+00 7.937233e-37 7.959550e-37
2.187500e+00 1.562500e+00 4.635288e-37 4.648530e-37
2.500000e+00 1.562500e+00 2.078770e-37 2.086330e-37
2.812500e+00 1.562500e+00 8.032610e-38 8.070738e-38
3.125000e+00 1.562500e+00 2.897654e-38 2.912562e-38
3.437500e+00 1.562500e+00 8.001744e-39 8.039385e-39
3.750000e+00 1.562500e+00 1.403921e-39 1.410156e-39
4.062500e+00 1.562500e+00 1.419976e-40 1.426778e-40
4.375000e+00 1.562500e+00 7.113952e-42 7.121208e-42
4.687500e+00 1.562500e+00 1.385727e-43 1.364270e-43
5.000000e+00 1.562500e+00 1.891808e-44 1.818424e-44

-4.687500e+00 1.875000e+00 2.537737e-44 2.388667e-44
-4.375000e+00 1.875000e+00 1.340563e-42 1.315069e-42
-4.062500e+00 1.875000e+00 2.298915e-41 2.291108e-41
-3.750000e+00 1.875000e+00 4.368252e-40 4.380088e-40
-3.437500e+00 1.875000e+00 5.529874e-39 5.544671e-39
-3.125000e+00 1.875000e+00 4.814254e-38 4.825659e-38
-2.812500e+00 1.875000e+00 2.754798e-37 2.761544e-37
-2.500000e+00 1.875000e+00 1.058511e-36 1.061179e-36
-2.187500e+00 1.875000e+00 2.895257e-36 2.902471e-36
-1.875000e+00 1.875000e+00 5.907986e-36 5.922573e-36
-1.562500e+00 1.875000e+00 9.265661e-36 9.288941e-36
-1.250000e+00 1.875000e+00 1.158835e-35 1.161787e-35
-9.375000e-01 1.875000e+00 1.199845e-35 1.202887e-35
-6.250000e-01 1.875000e+00 1.045265e-35 1.047912e-35
-3.125000e-01 1.875000e+00 7.644366e-36 7.663856e-36
0.000000e+00 1.875000e+00 4.683217e-36 4.695097e-36
3.125000e-01 1.875000e+00 2.455967e-36 2.462238e-36
6.250000e-01 1.875000e+00 1.240686e-36 1.244340e-36
9.375000e-01 1.875000e+00 8.463253e-37 8.493813e-37
1.250000e+00 1.875000e+00 8.319515e-37 8.348828e-37
1.562500e+00 1.875000e+00 7.937233e-37 7.960505e-37
1.875000e+00 1.875000e+00 6.065795e-37 6.080555e-37
2.187500e+00 1.875000e+00 3.542381e-37 3.551179e-37
2.500000e+00 1.875000e+00 1.588638e-37 1.593902e-37
2.812500e+00 1.875000e+00 6.138684e-38 6.166471e-38
3.125000e+00 1.875000e+00 2.214446e-38 2.225571e-38
3.437500e+00 1.875000e+00 6.115096e-39 6.143298e-39
3.750000e+00 1.875000e+00 1.072905e-39 1.077567e-39
4.062500e+00 1.875000e+00 1.085175e-40 1.090009e-40
4.375000e+00 1.875000e+00 5.436627e-42 5.435351e-42
4.687500e+00 1.875000e+00 1.059001e-43 1.042093e-43
5.000000e+00 1.875000e+00 1.445758e-44 1.389391e-44

-4.687500e+00 2.187500e+00 1.482020e-44 1.397725e-44
-4.375000e+00 2.187500e+00 7.828793e-43 7.676412e-43
-4.062500e+00 2.187500e+00 1.342550e-41 1.337511e-41
-3.750000e+00 2.187500e+00 2.551028e-40 2.557728e-40
-3.437500e+00 2.187500e+00 3.229408e-39 3.237956e-39
-3.125000e+00 2.187500e+00 2.811490e-38 2.818128e-38
-2.812500e+00 2.187500e+00 1.608783e-37 1.612746e-37
-2.500000e+00 2.187500e+00 6.181632e-37 6.197406e-37
-2.187500e+00 2.187500e+00 1.690810e-36 1.695097e-36
-1.875000e+00 2.187500e+00 3.450222e-36 3.458917e-36
-1.562500e+00 2.187500e+00 5.411081e-36 5.424974e-36
-1.250000e+00 2.187500e+00 6.767517e-36 6.785158e-36
-9.375000e-01 2.187500e+00 7.007008e-36 7.025222e-36
-6.250000e-01 2.187500e+00 6.104273e-36 6.120131e-36
-3.125000e-01 2.187500e+00 4.464256e-36 4.475922e-36
0.000000e+00 2.187500e+00 2.734966e-36 2.742074e-36
3.125000e-01 2.187500e+00 1.434267e-36 1.438023e-36
6.250000e-01 2.187500e+00 7.245519e-37 7.267357e-37
9.375000e-01 2.187500e+00 4.942480e-37 4.960643e-37
1.250000e+00 2.187500e+00 4.858538e-37 4.875919e-37
1.562500e+00 2.187500e+00 4.635288e-37 4.649092e-37
1.875000e+00 2.187500e+00 3.542381e-37 3.551126e-37
2.187500e+00 2.187500e+00 2.068726e-37 2.073919e-37
2.500000e+00 2.187500e+00 9.277536e-38 9.308535e-38
2.812500e+00 2.187500e+00 3.584948e-38 3.601247e-38
3.125000e+00 2.187500e+00 1.293221e-38 1.299717e-38
3.437500e+00 2.187500e+00 3.571173e-39 3.587579e-39
3.750000e+00 2.187500e+00 6.265688e-40 6.292473e-40
4.062500e+00 2.187500e+00 6.337344e-41 6.363799e-41
4.375000e+00 2.187500e+00 3.174952e-42 3.170594e-42
4.687500e+00 2.187500e+00 6.184491e-44 6.082151e-44
5.000000e+00 2.187500e+00 8.443124e-45 8.122280e-45

-4.687500e+00 2.500000e+00 6.646361e-45 6.240447e-45
-4.375000e+00 2.500000e+00 3.510949e-43 3.443923e-43
-4.062500e+00 2.500000e+00 6.020883e-42 6.003049e-42
-3.750000e+00 2.500000e+00 1.144050e-40 1.147916e-40
-3.437500e+00 2.500000e+00 1.448280e-39 1.453232e-39
-3.125000e+00 2.500000e+00 1.260858e-38 1.264787e-38
-2.812500e+00 2.500000e+00 7.214848e-38 7.237796e-38
-2.500000e+00 2.500000e+00 2.772253e-37 2.781256e-37
-2.187500e+00 2.500000e+00 7.582711e-37 7.607153e-37
-1.875000e+00 2.500000e+00 1.547308e-36 1.552261e-36
-1.562500e+00 2.500000e+00 2.426687e-36 2.434557e-36
-1.250000e+00 2.500000e+00 3.035003e-36 3.044969e-36
-9.375000e-01 2.500000e+00 3.142406e-36 3.152713e-36
-6.250000e-01 2.500000e+00 2.737560e-36 2.746533e-36
-3.125000e-01 2.500000e+00 2.002068e-36 2.008662e-36
0.000000e+00 2.500000e+00 1.226540e-36 1.230580e-36
3.125000e-01 2.500000e+00 6.432204e-37 6.453620e-37
6.250000e-01 2.500000e+00 3.249370e-37 3.261375e-37
9.375000e-01 2.500000e+00 2.216535e-37 2.225997e-37
1.250000e+00 2.500000e+00 2.178890e-37 2.187931e-37
1.562500e+00 2.500000e+00 2.078770e-37 2.086224e-37
1.875000e+00 2.500000e+00 1.588638e-37 1.593581e-37
2.187500e+00 2.500000e+00 9.277536e-38 9.306764e-38
2.500000e+00 2.500000e+00 4.160661e-38 4.176920e-38
2.812500e+00 2.500000e+00 1.607728e-38 1.615729e-38
3.125000e+00 2.500000e+00 5.799658e-39 5.830870e-39
3.437500e+00 2.500000e+00 1.601550e-39 1.609519e-39
3.750000e+00 2.500000e+00 2.809949e-40 2.822943e-40
4.062500e+00 2.500000e+00 2.842085e-41 2.855393e-41
4.375000e+00 2.500000e+00 1.423859e-42 1.423063e-42
4.687500e+00 2.500000e+00 2.773535e-44 2.731140e-44
5.000000e+00 2.500000e+00 3.786456e-45 3.665908e-45

-4.687500e+00 2.812500e+00 2.568231e-45 2.396312e-45
-4.375000e+00 2.812500e+00 1.356672e-43 1.333251e-43
-4.062500e+00 2.812500e+00 2.326539e-42 2.323647e-42
-3.750000e+00 2.812500e+00 4.420742e-41 4.441397e-41
-3.437500e+00 2.812500e+00 5.596323e-40 5.622209e-40
-3.125000e+00 2.812500e+00 4.872104e-39 4.892957e-39
-2.812500e+00 2.812500e+00 2.787901e-38 2.799853e-38
-2.500000e+00 2.812500e+00 1.071231e-37 1.075848e-37
-2.187500e+00 2.812500e+00 2.930048e-37 2.942526e-37
-1.875000e+00 2.812500e+00 5.978979e-37 6.004211e-37
-1.562500e+00 2.812500e+00 9.377001e-37 9.416851e-37
-1.250000e+00 2.812500e+00 1.172760e-36 1.177783e-36
-9.375000e-01 2.812500e+00 1.214262e-36 1.219452e-36
-6.250000e-01 2.812500e+00 1.057825e-36 1.062340e-36
-3.125000e-01 2.812500e+00 7.736223e-37 7.769371e-37
0.000000e+00 2.812500e+00 4.739492e-37 4.759831e-37
3.125000e-01 2.812500e+00 2.485479e-37 2.496234e-37
6.250000e-01 2.812500e+00 1.255595e-37 1.261441e-37
9.375000e-01 2.812500e+00 8.564950e-38 8.609336e-38
1.250000e+00 2.812500e+00 8.419486e-38 8.462238e-38
1.562500e+00 2.812500e+00 8.032610e-38 8.069237e-38
1.875000e+00 2.812500e+00 6.138684e-38 6.164041e-38
2.187500e+00 2.812500e+00 3.584948e-38 3.599953e-38
2.500000e+00 2.812500e+00 1.607728e-38 1.615599e-38
2.812500e+00 2.812500e+00 6.212448e-39 6.249098e-39
3.125000e+00 2.812500e+00 2.241055e-39 2.255230e-39
3.437500e+00 2.812500e+00 6.188577e-40 6.225635e-40
3.750000e+00 2.812500e+00 1.085797e-40 1.091987e-40
4.062500e+00 2.812500e+00 1.098215e-41 1.105009e-41
4.375000e+00 2.812500e+00 5.501956e-43 5.515136e-43
4.687500e+00 2.812500e+00 1.071726e-44 1.058331e-44
5.000000e+00 2.812500e+00 1.463131e-45 1.423818e-45

-4.687500e+00 3.125000e+00 9.264541e-46 8.640691e-46
-4.375000e+00 3.125000e+00 4.894006e-44 4.813568e-44
-4.062500e+00 3.125000e+00 8.392670e-43 8.388239e-43
-3.750000e+00 3.125000e+00 1.594722e-41 1.602976e-41
-3.437500e+00 3.125000e+00 2.018797e-40 2.029188e-40
-3.125000e+00 3.125000e+00 1.757544e-39 1.765982e-39
-2.812500e+00 3.125000e+00 1.005697e-38 1.010510e-38
-2.500000e+00 3.125000e+00 3.864318e-38 3.882867e-38
-2.187500e+00 3.125000e+00 1.056974e-37 1.061994e-37
-1.875000e+00 3.125000e+00 2.156834e-37 2.166994e-37
-1.562500e+00 3.125000e+00 3.382624e-37 3.398657e-37
-1.250000e+00 3.125000e+00 4.230572e-37 4.250771e-37
-9.375000e-01 3.125000e+00 4.380285e-37 4.401174e-37
-6.250000e-01 3.125000e+00 3.815959e-37 3.834138e-37
-3.125000e-01 3.125000e+00 2.790736e-37 2.804091e-37
0.000000e+00 3.125000e+00 1.709707e-37 1.717925e-37
3.125000e-01 3.125000e+00 8.966022e-38 9.009595e-38
6.250000e-01 3.125000e+00 4.529385e-38 4.552834e-38
9.375000e-01 3.125000e+00 3.089688e-38 3.107109e-38
1.250000e+00 3.125000e+00 3.037214e-38 3.053925e-38
1.562500e+00 3.125000e+00 2.897654e-38 2.912155e-38
1.875000e+00 3.125000e+00 2.214446e-38 2.224630e-38
2.187500e+00 3.125000e+00 1.293221e-38 1.299228e-38
2.500000e+00 3.125000e+00 5.799658e-39 5.830338e-39
2.812500e+00 3.125000e+00 2.241055e-39 2.254892e-39
3.125000e+00 3.125000e+00 8.084300e-40 8.136883e-40
3.437500e+00 3.125000e+00 2.232444e-40 2.246188e-40
3.750000e+00 3.125000e+00 3.916864e-41 3.939817e-41
4.062500e+00 3.125000e+00 3.961658e-42 3.987158e-42
4.375000e+00 3.125000e+00 1.984755e-43 1.990837e-43
4.687500e+00 3.125000e+00 3.866106e-45 3.822774e-45
5.000000e+00 3.125000e+00 5.278043e-46 5.139415e-46

-4.687500e+00 3.437500e+00 2.558363e-46 2.361264e-46
-4.375000e+00 3.437500e+00 1.351459e-44 1.330676e-44
-4.062500e+00 3.437500e+00 2.317599e-43 2.317744e-43
-3.750000e+00 3.437500e+00 4.403756e-42 4.427054e-42
-3.437500e+00 3.437500e+00 5.574819e-41 5.603359e-41
-3.125000e+00 3.437500e+00 4.853382e-40 4.876272e-40
-2.812500e+00 3.437500e+00 2.777189e-39 2.790045e-39
-2.500000e+00 3.437500e+00 1.067115e-38 1.072001e-38
-2.187500e+00 3.437500e+00 2.918789e-38 2.931880e-38
-1.875000e+00 3.437500e+00 5.956005e-38 5.982331e-38
-1.562500e+00 3.437500e+00 9.340970e-38 9.382319e-38
-1.250000e+00 3.437500e+00 1.168254e-37 1.173447e-37
-9.375000e-01 3.437500e+00 1.209597e-37 1.214959e-37
-6.250000e-01 3.437500e+00 1.053760e-37 1.058420e-37
-3.125000e-01 3.437500e+00 7.706497e-38 7.740673e-38
0.000000e+00 3.437500e+00 4.721281e-38 4.742291e-38
3.125000e-01 3.437500e+00 2.475928e-38 2.487031e-38
6.250000e-01 3.437500e+00 1.250770e-38 1.256681e-38
9.375000e-01 3.437500e+00 8.532039e-39 8.575780e-39
1.250000e+00 3.437500e+00 8.387134e-39 8.429516e-39
1.562500e+00 3.437500e+00 8.001744e-39 8.038896e-39
1.875000e+00 3.437500e+00 6.115096e-39 6.141466e-39
2.187500e+00 3.437500e+00 3.571173e-39 3.586851e-39
2.500000e+00 3.437500e+00 1.601550e-39 1.609533e-39
2.812500e+00 3.437500e+00 6.188577e-40 6.224630e-40
3.125000e+00 3.437500e+00 2.232444e-40 2.246464e-40
3.437500e+00 3.437500e+00 6.164797e-41 6.202381e-41
3.750000e+00 3.437500e+00 1.081625e-41 1.088013e-41
4.062500e+00 3.437500e+00 1.093995e-42 1.101641e-42
4.375000e+00 3.437500e+00 5.480814e-44 5.508854e-44
4.687500e+00 3.437500e+00 1.067608e-45 1.058248e-45
5.000000e+00 3.437500e+00 1.457509e-46 1.432044e-46

-4.687500e+00 3.750000e+00 4.488694e-47 4.069662e-47
-4.375000e+00 3.750000e+00 2.371159e-45 2.332383e-45
-4.062500e+00 3.750000e+00 4.066270e-44 4.069859e-44
-3.750000e+00 3.750000e+00 7.726469e-43 7.772277e-43
-3.437500e+00 3.750000e+00 9.781122e-42 9.834326e-42
-3.125000e+00 3.750000e+00 8.515348e-41 8.556877e-41
-2.812500e+00 3.750000e+00 4.872628e-40 4.895509e-40
-2.500000e+00 3.750000e+00 1.872272e-39 1.880816e-39
-2.187500e+00 3.750000e+00 5.121069e-39 5.143584e-39
-1.875000e+00 3.750000e+00 1.044992e-38 1.049476e-38
-1.562500e+00 3.750000e+00 1.638890e-38 1.645902e-38
-1.250000e+00 3.750000e+00 2.049723e-38 2.058488e-38
-9.375000e-01 3.750000e+00 2.122259e-38 2.131265e-38
-6.250000e-01 3.750000e+00 1.848842e-38 1.856648e-38
-3.125000e-01 3.750000e+00 1.352119e-38 1.357843e-38
0.000000e+00 3.750000e+00 8.283573e-39 8.318626e-39
3.125000e-01 3.750000e+00 4.344061e-39 4.362446e-39
6.250000e-01 3.750000e+00 2.194499e-39 2.204355e-39
9.375000e-01 3.750000e+00 1.496962e-39 1.504508e-39
1.250000e+00 3.750000e+00 1.471538e-39 1.478974e-39
1.562500e+00 3.750000e+00 1.403921e-39 1.410390e-39
1.875000e+00 3.750000e+00 1.072905e-39 1.077474e-39
2.187500e+00 3.750000e+00 6.265688e-40 6.293263e-40
2.500000e+00 3.750000e+00 2.809949e-40 2.824429e-40
2.812500e+00 3.750000e+00 1.085797e-40 1.092628e-40
3.125000e+00 3.750000e+00 3.916864e-41 3.944495e-41
3.437500e+00 3.750000e+00 1.081625e-41 1.089176e-41
3.750000e+00 3.750000e+00 1.897731e-42 1.911031e-42
4.062500e+00 3.750000e+00 1.919434e-43 1.936714e-43
4.375000e+00 3.750000e+00 9.616189e-45 9.711803e-45
4.687500e+00 3.750000e+00 1.873138e-46 1.852415e-46
5.000000e+00 3.750000e+00 2.557225e-47 2.533184e-47

-4.687500e+00 4.062500e+00 4.540028e-48 4.345000e-48
-4.375000e+00 4.062500e+00 2.398276e-46 2.354189e-46
-4.062500e+00 4.062500e+00 4.112773e-45 4.111681e-45
-3.750000e+00 4.062500e+00 7.814831e-44 7.853329e-44
-3.437500e+00 4.062500e+00 9.892982e-43 9.940373e-43
-3.125000e+00 4.062500e+00 8.612732e-42 8.650697e-42
-2.812500e+00 4.062500e+00 4.928353e-41 4.950462e-41
-2.500000e+00 4.062500e+00 1.893684e-40 1.902421e-40
-2.187500e+00 4.062500e+00 5.179634e-40 5.203551e-40
-1.875000e+00 4.062500e+00 1.056943e-39 1.061830e-39
-1.562500e+00 4.062500e+00 1.657633e-39 1.665461e-39
-1.250000e+00 4.062500e+00 2.073164e-39 2.083075e-39
-9.375000e-01 4.062500e+00 2.146530e-39 2.156730e-39
-6.250000e-01 4.062500e+00 1.869986e-39 1.878894e-39
-3.125000e-01 4.062500e+00 1.367582e-39 1.374210e-39
0.000000e+00 4.062500e+00 8.378306e-40 8.419315e-40
3.125000e-01 4.062500e+00 4.393741e-40 4.415686e-40
6.250000e-01 4.062500e+00 2.219596e-40 2.232259e-40
9.375000e-01 4.062500e+00 1.514081e-40 1.524215e-40
1.250000e+00 4.062500e+00 1.488367e-40 1.497861e-40
1.562500e+00 4.062500e+00 1.419976e-40 1.427715e-40
1.875000e+00 4.062500e+00 1.085175e-40 1.090303e-40
2.187500e+00 4.062500e+00 6.337344e-41 6.367342e-41
2.500000e+00 4.062500e+00 2.842085e-41 2.858535e-41
2.812500e+00 4.062500e+00 1.098215e-41 1.106196e-41
3.125000e+00 4.062500e+00 3.961658e-42 3.991006e-42
3.437500e+00 4.062500e+00 1.093995e-42 1.101041e-42
3.750000e+00 4.062500e+00 1.919434e-43 1.931656e-43
4.062500e+00 4.062500e+00 1.941385e-44 1.954905e-44
4.375000e+00 4.062500e+00 9.726162e-46 9.789069e-46
4.687500e+00 4.062500e+00 1.894560e-47 1.853079e-47
5.000000e+00 4.062500e+00 2.586470e-48 2.381664e-48

-4.687500e+00 4.375000e+00 2.274513e-49 2.404248e-49
-4.375000e+00 4.375000e+00 1.201515e-47 1.205757e-47
-4.062500e+00 4.375000e+00 2.060462e-46 2.081397e-46
-3.750000e+00 4.375000e+00 3.915160e-45 3.928258e-45
-3.437500e+00 4.375000e+00 4.956294e-44 4.967747e-44
-3.125000e+00 4.375000e+00 4.314901e-43 4.322993e-43
-2.812500e+00 4.375000e+00 2.469060e-42 2.473365e-42
-2.500000e+00 4.375000e+00 9.487185e-42 9.504698e-42
-2.187500e+00 4.375000e+00 2.594950e-41 2.599753e-41
-1.875000e+00 4.375000e+00 5.295187e-41 5.305235e-41
-1.562500e+00 4.375000e+00 8.304591e-41 8.321872e-41
-1.250000e+00 4.375000e+00 1.038636e-40 1.040824e-40
-9.375000e-01 4.375000e+00 1.075392e-40 1.077499e-40
-6.250000e-01 4.375000e+00 9.368459e-41 9.387222e-41
-3.125000e-01 4.375000e+00 6.851463e-41 6.867228e-41
0.000000e+00 4.375000e+00 4.197456e-41 4.208094e-41
3.125000e-01 4.375000e+00 2.201224e-41 2.207365e-41
6.250000e-01 4.375000e+00 1.111997e-41 1.116538e-41
9.375000e-01 4.375000e+00 7.585411e-42 7.628271e-42
1.250000e+00 4.375000e+00 7.456583e-42 7.493330e-42
1.562500e+00 4.375000e+00 7.113952e-42 7.139539e-42
1.875000e+00 4.375000e+00 5.436627e-42 5.451561e-42
2.187500e+00 4.375000e+00 3.174952e-42 3.183456e-42
2.500000e+00 4.375000e+00 1.423859e-42 1.429174e-42
2.812500e+00 4.375000e+00 5.501956e-43 5.531051e-43
3.125000e+00 4.375000e+00 1.984755e-43 1.993278e-43
3.437500e+00 4.375000e+00 5.480814e-44 5.492645e-44
3.750000e+00 4.375000e+00 9.616189e-45 9.651869e-45
4.062500e+00 4.375000e+00 9.726162e-46 9.805581e-46
4.375000e+00 4.375000e+00 4.872719e-47 5.046192e-47
4.687500e+00 4.375000e+00 9.491573e-49 9.428258e-49
5.000000e+00 4.375000e+00 1.295798e-49 9.705071e-50

-4.687500e+00 4.687500e+00 4.430525e-51 3.205197e-51
-4.375000e+00 4.687500e+00 2.340431e-49 2.013734e-49
-4.062500e+00 4.687500e+00 4.013576e-48 3.854551e-48
-3.750000e+00 4.687500e+00 7.626343e-47 7.618575e-47
-3.437500e+00 4.687500e+00 9.654370e-46 9.651484e-46
-3.125000e+00 4.687500e+00 8.404998e-45 8.382967e-45
-2.812500e+00 4.687500e+00 4.809484e-44 4.794056e-44
-2.500000e+00 4.687500e+00 1.848010e-43 1.841590e-43
-2.187500e+00 4.687500e+00 5.054705e-43 5.035522e-43
-1.875000e+00 4.687500e+00 1.031450e-42 1.027247e-42
-1.562500e+00 4.687500e+00 1.617652e-42 1.611095e-42
-1.250000e+00 4.687500e+00 2.023161e-42 2.015553e-42
-9.375000e-01 4.687500e+00 2.094757e-42 2.087340e-42
-6.250000e-01 4.687500e+00 1.824883e-42 1.818357e-42
-3.125000e-01 4.687500e+00 1.334597e-42 1.329664e-42
0.000000e+00 4.687500e+00 8.176227e-43 8.146837e-43
3.125000e-01 4.687500e+00 4.287767e-43 4.274065e-43
6.250000e-01 4.687500e+00 2.166060e-43 2.160639e-43
9.375000e-01 4.687500e+00 1.477563e-43 1.474536e-43
1.250000e+00 4.687500e+00 1.452468e-43 1.448361e-43
1.562500e+00 4.687500e+00 1.385727e-43 1.379493e-43
1.875000e+00 4.687500e+00 1.059001e-43 1.052664e-43
2.187500e+00 4.687500e+00 6.184491e-44 6.148709e-44
2.500000e+00 4.687500e+00 2.773535e-44 2.763658e-44
2.812500e+00 4.687500e+00 1.071726e-44 1.070192e-44
3.125000e+00 4.687500e+00 3.866106e-45 3.865761e-45
3.437500e+00 4.687500e+00 1.067608e-45 1.067215e-45
3.750000e+00 4.687500e+00 1.873138e-46 1.866148e-46
4.062500e+00 4.687500e+00 1.894560e-47 1.885512e-47
4.375000e+00 4.687500e+00 9.491573e-49 9.061689e-49
4.687500e+00 4.687500e+00 1.848864e-50 1.535826e-50
5.000000e+00 4.687500e+00 2.524086e-51 3.770752e-51

-4.687500e+00 5.000000e+00 6.048594e-52 3.912576e-51
-4.375000e+00 5.000000e+00 3.195178e-50 4.490341e-50
-4.062500e+00 5.000000e+00 5.479371e-49 4.783590e-49
-3.750000e+00 5.000000e+00 1.041155e-47 8.935878e-48
-3.437500e+00 5.000000e+00 1.318023e-46 1.165087e-46
-3.125000e+00 5.000000e+00 1.147458e-45 1.040476e-45
-2.812500e+00 5.000000e+00 6.565952e-45 6.074793e-45
-2.500000e+00 5.000000e+00 2.522920e-44 2.366552e-44
-2.187500e+00 5.000000e+00 6.900730e-44 6.535514e-44
-1.875000e+00 5.000000e+00 1.408145e-43 1.341497e-43
-1.562500e+00 5.000000e+00 2.208433e-43 2.109711e-43
-1.250000e+00 5.000000e+00 2.762038e-43 2.641710e-43
-9.375000e-01 5.000000e+00 2.859782e-43 2.738477e-43
-6.250000e-01 5.000000e+00 2.491347e-43 2.388269e-43
-3.125000e-01 5.000000e+00 1.822004e-43 1.745623e-43
0.000000e+00 5.000000e+00 1.116226e-43 1.066830e-43
3.125000e-01 5.000000e+00 5.853698e-44 5.584739e-44
6.250000e-01 5.000000e+00 2.957125e-44 2.824844e-44
9.375000e-01 5.000000e+00 2.017182e-44 1.929495e-44
1.250000e+00 5.000000e+00 1.982923e-44 1.896436e-44
1.562500e+00 5.000000e+00 1.891808e-44 1.810208e-44
1.875000e+00 5.000000e+00 1.445758e-44 1.380275e-44
2.187500e+00 5.000000e+00 8.443124e-45 8.014391e-45
2.500000e+00 5.000000e+00 3.786456e-45 3.580339e-45
2.812500e+00 5.000000e+00 1.463131e-45 1.379155e-45
3.125000e+00 5.000000e+00 5.278043e-46 4.915259e-46
3.437500e+00 5.000000e+00 1.457509e-46 1.343285e-46
3.750000e+00 5.000000e+00 2.557225e-47 2.326099e-47
4.062500e+00 5.000000e+00 2.586470e-48 2.041317e-48
4.375000e+00 5.000000e+00 1.295798e-49 7.052270e-50
4.687500e+00 5.000000e+00 2.524086e-51 3.814787e-51
5.000000e+00 5.000000e+00 3.445906e-52 3.985586e-52

