0  0.71385
1  149.02
2  73.418
3  95.148
4  104.8
5  112.21
6  109.33
7  116.15
8  121.94
9  123.13
10  123.8
11  128.6
12  134.07
13  130.33
14  124.36
15  122.95
16  122.41
17  122.13
18  125.23
19  123.71
20  124.36
21  123.66
22  121.33
23  109.2
24  107.3
25  105.92
26  106.15
27  107.95
28  109.94
29  107.06
30  107.81
31  107.04
32  107.64
33  107.92
34  108.81
35  108.37
36  108.88
37  109.33
38  109.14
39  109.83
40  110.09
41  109.27
42  108.81
43  109.01
44  109.52
45  109.79
46  111.3
47  110.96
48  111.54
49  110.19
50  110.56
51  111.39
52  111.36
53  111.23
54  111.64
55  111.45
56  111.03
57  111.29
58  112.15
59  111.08
60  112.21
61  111.28
62  111.29
63  111.4
64  111.59
65  111.41
66  111.43
67  115.19
68  111.02
69  111.32
70  111.11
71  111.38
72  111.05
73  111.37
74  111.53
75  111.25
76  112.36
77  111.3
78  111.26
79  111.67
80  112.33
81  113.43
82  114.65
83  113.95
84  113
85  113.8
86  112.93
87  113.52
88  114.07
89  113.78
90  113.57
91  113.75
92  114.53
93  113.97
94  113.53
95  113.52
96  114.2
97  115.18
98  113.96
99  114.22
100  113.62
101  113.69
102  114.31
103  113.92
104  113.53
105  113.81
106  113.93
107  113.74
108  114.22
109  112.97
110  114.05
111  113.89
112  117.54
113  116.26
114  114.37
115  114.51
116  113.38
117  113.02
118  114.21
119  113.44
120  113.7
121  113.83
122  113.61
123  113.44
124  113.92
125  113.86
126  113.59
127  113.37
128  113.26
129  113.11
130  113.86
131  114
132  113.69
133  113.88
134  114.06
135  114.13
136  113.81
137  114.31
138  113.56
139  114.92
140  114.21
141  114.25
142  113.87
143  114.15
144  113.97
145  114.22
146  113.91
147  113.83
148  114.61
149  114.28
150  113.61
151  113.75
152  114.24
153  113.81
154  113.96
155  114.35
156  115.98
157  115.53
158  115.69
159  116.13
160  116.47
161  115.8
162  116.51
163  115.88
164  116.01
165  116.22
166  115.9
167  115.38
168  115.45
169  115.61
170  115.62
171  116.82
172  116.3
173  116.2
174  114.95
175  115.3
176  115.14
177  116.9
178  115.29
179  115.3
180  115.75
181  115.23
182  115.71
183  116.3
184  115.82
185  115.24
186  116.73
187  117.37
188  116.1
189  115.12
190  115.55
191  116.35
192  115.99
193  115.94
194  115.82
195  114.9
196  115.4
197  115.2
198  115.89
199  115.01
200  115.47
201  115.71
202  115.85
203  115.48
204  116.19
205  115.06
206  115.8
207  115.98
208  115.51
209  115.69
210  115.66
211  115.31
212  115.04
213  115.1
214  115.5
215  115.56
216  115.36
217  116.3
218  115.72
219  115.67
220  115.46
221  115.87
222  115.57
223  114.99
224  115.62
225  115.99
226  116.98
227  115.36
228  115.25
229  114.56
230  115.23
231  115.43
232  115.57
233  115.68
234  115.92
235  115.2
236  115.08
237  115.05
238  114.91
239  115.97
240  114.89
241  119.96
242  116.4
243  114.8
244  115.21
245  115.75
246  115.1
247  115.72
248  115.38
249  115.2
250  115.33
251  114.62
252  114.59
253  115
254  114.19
255  114.98
256  114.96
257  114.44
258  114.87
259  114.3
260  114.78
261  114.62
262  114.66
263  114.8
264  115.56
265  114.88
266  114.47
267  114.28
268  114.76
269  114.91
270  115.07
271  114.5
272  114.47
273  115.26
274  115.08
275  113.88
276  114.17
277  114.36
278  114.24
279  115.49
280  114.72
281  114.43
282  114.29
283  114.21
284  114.51
285  114.1
286  114.92
287  115.24
288  114.37
289  114.2
290  114.05
291  114.41
292  114.69
293  114.35
294  114.3
295  115.18
296  114.96
297  115.03
298  114.62
299  114.36
300  114.67
301  114.47
302  120.69
303  134.37
304  128.17
305  138.57
306  134.16
307  130.51
308  121.62
309  119.69
310  121.03
311  120.12
312  118.17
313  116.46
314  116.88
315  117.65
316  116.16
317  117.55
318  116.65
319  117.41
320  115.79
321  118.2
322  117.89
323  117.61
324  115.7
325  117.16
326  116.61
327  116.39
328  116.29
329  116.85
330  118.05
331  116.53
332  116.72
333  116.41
334  117.02
335  117.24
336  108.66
337  93.871
338  96.033
339  95.395
340  94.196
341  92.546
342  93.522
343  96.177
344  92.054
345  92.409
346  92.386
347  91.639
348  91.305
349  93.202
350  96.054
351  101.73
352  106.56
353  98.892
354  103.39
355  102.52
356  103.36
357  104.96
358  95.832
359  96.473
360  97.372
361  94.675
362  96.527
363  92.839
364  92.619
365  92.356
366  113.48
367  119.24
368  121.85
369  122.17
370  118.72
371  121.82
372  117.59
373  116.82
374  118.86
375  128.39
376  127.92
377  127.83
378  114.31
379  113.6
380  113.48
381  115.97
382  116.16
383  115.77
384  116.9
385  110.71
386  109.12
387  110.34
388  113.7
389  115.38
390  117.44
391  108.75
392  93.743
393  98.66
394  111.25
395  117.5
396  114.55
397  114.13
398  113.61
399  117.68
400  116.77
401  118.21
402  116.64
403  120.23
404  117.73
405  115.57
406  113.35
407  109.81
408  109.28
409  110.25
410  110.87
411  111.4
412  112.7
413  110.59
414  111.16
415  109.72
416  109.21
417  109.33
418  109.61
419  109.29
420  109.35
421  109.94
422  111.8
423  112.2
424  110.37
425  101.3
426  108.84
427  110.66
428  111.9
429  110.27
430  112.03
431  114.56
432  114.3
433  115.09
434  116.96
435  110.73
436  109.6
437  108.77
438  109.36
439  114.14
440  113.71
441  113.86
442  111.92
443  107.77
444  97.223
445  91.279
446  91.72
447  92.392
448  98.625
449  91.106
450  90.774
451  90.604
452  90.592
453  90.721
454  90.744
455  90.907
456  90.982
457  90.831
458  90.742
459  90.765
460  90.641
461  90.678
462  91.313
463  90.498
464  90.408
465  90.954
466  90.598
467  90.794
468  90.889
469  90.743
470  91.078
471  90.59
472  91.146
473  90.269
474  90.023
475  90.374
476  90.359
477  90.268
478  90.507
479  90.943
480  90.569
481  90.367
482  90.724
483  90.733
484  90.206
485  90.459
486  90.554
487  90.725
488  90.684
489  90.882
490  90.802
491  90.496
492  90.547
493  90.501
494  90.344
495  90.62
496  90.634
497  90.413
498  91.234
499  90.489
500  91.467
501  100.62
502  104.9
503  99.862
504  97.213
505  94.928
506  91.129
507  91.096
508  91.955
509  91.003
510  92.423
511  91.347
512  91.658
513  88.667
514  89.524
515  88.706
516  88.836
517  89.13
518  89.175
519  90.45
520  100.02
521  99.448
522  104.25
523  98.738
524  104.1
525  101.57
526  98.184
527  94.373
528  94.241
529  91.189
530  95.183
531  100.12
532  101.77
533  100.2
534  97.491
535  96.25
536  96.419
537  99.73
538  95.789
539  96.417
540  101.48
541  106.61
542  97.606
543  102.12
544  103.13
545  96.7
546  97.679
547  99.035
548  110.94
549  110.27
550  106.72
551  105.62
552  121.18
553  120.7
554  109.22
555  108.44
556  106.63
557  107.74
558  112.3
559  115.32
560  118.68
561  120.37
562  116.07
563  116.62
564  115.96
565  113.37
566  123.75
567  116.91
568  108.85
569  105.69
570  103.29
571  102.89
572  90.987
573  87.719
574  88.518
575  90.224
576  89.024
577  87.469
578  87.008
579  87.487
580  88.406
581  87.516
582  86.942
583  86.387
584  90.249
585  95.634
586   95
587  90.889
588  95.709
589  99.926
590  97.064
591  98.255
592  99.621
593  96.367
594  96.786
595  100.59
596  95.961
597  92.397
598  93.868
599  95.387
600  91.475
