  0 1.006
0.01 0.94009
0.02 0.94009
0.03 0.94009
0.04 0.94009
0.05 0.94009
0.06 0.94009
0.07 0.94009
0.08 0.94009
0.09 0.94009
0.1 0.94009
0.11 0.94009
0.12 0.94009
0.13 0.94009
0.14 0.94009
0.15 0.94009
0.16 0.94009
0.17 0.94009
0.18 0.9401
0.19 0.9401
0.2 0.9401
0.21 0.9401
0.22 0.9401
0.23 0.9401
0.24 0.9401
0.25 0.9401
0.26 0.9401
0.27 0.9401
0.28 0.9401
0.29 0.9401
0.3 0.9401
0.31 0.9401
0.32 0.9401
0.33 0.9401
0.34 0.9401
0.35 0.9401
0.36 0.9401
0.37 0.9401
0.38 0.9401
0.39 0.9401
0.4 0.9401
0.41 0.9401
0.42 0.9401
0.43 0.9401
0.44 0.9401
0.45 0.9401
0.46 0.9401
0.47 0.9401
0.48 0.9401
0.49 0.9401
0.5 0.9401
0.51 0.9401
0.52 0.9401
0.53 0.9401
0.54 0.9401
0.55 0.9401
0.56 0.9401
0.57 0.9401
0.58 0.9401
0.59 0.9401
0.6 0.9401
0.61 0.9401
0.62 0.9401
0.63 0.9401
0.64 0.9401
0.65 0.9401
0.66 0.9401
0.67 0.9401
0.68 0.9401
0.69 0.9401
0.7 0.9401
0.71 0.9401
0.72 0.9401
0.73 0.9401
0.74 0.9401
0.75 0.9401
0.76 0.9401
0.77 0.9401
0.78 0.9401
0.79 0.9401
0.8 0.9401
0.81 0.9401
0.82 0.9401
0.83 0.9401
0.84 0.9401
0.85 0.9401
0.86 0.9401
0.87 0.9401
0.88 0.9401
0.89 0.9401
0.9 0.9401
0.91 0.9401
0.92 0.9401
0.93 0.9401
0.94 0.9401
0.95 0.9401
0.96 0.9401
0.97 0.9401
0.98 0.9401
0.99 0.9401
  1 0.9401
1.01 0.9401
1.02 0.9401
1.03 0.9401
1.04 0.9401
1.05 0.9401
1.06 0.9401
1.07 0.9401
1.08 0.9401
1.09 0.9401
1.1 0.9401
1.11 0.9401
1.12 0.9401
1.13 0.9401
1.14 0.9401
1.15 0.9401
1.16 0.9401
1.17 0.9401
1.18 0.9401
1.19 0.9401
1.2 0.9401
1.21 0.9401
1.22 0.9401
1.23 0.94011
1.24 0.94011
1.25 0.94011
1.26 0.94011
1.27 0.94011
1.28 0.94011
1.29 0.94011
1.3 0.94011
1.31 0.94011
1.32 0.94011
1.33 0.94011
1.34 0.94011
1.35 0.94011
1.36 0.94011
1.37 0.94011
1.38 0.94011
1.39 0.94011
1.4 0.94011
1.41 0.94011
1.42 0.94011
1.43 0.94011
1.44 0.94011
1.45 0.94011
1.46 0.94011
1.47 0.94011
1.48 0.94011
1.49 0.94011
1.5 0.94011
1.51 0.94011
1.52 0.94011
1.53 0.94011
1.54 0.94011
1.55 0.94011
1.56 0.94011
1.57 0.94011
1.58 0.94011
1.59 0.94011
1.6 0.94011
1.61 0.94011
1.62 0.94011
1.63 0.94011
1.64 0.94011
1.65 0.94011
1.66 0.94011
1.67 0.94011
1.68 0.94011
1.69 0.94011
1.7 0.94011
1.71 0.94011
1.72 0.94011
1.73 0.94011
1.74 0.94011
1.75 0.94011
1.76 0.94011
1.77 0.94011
1.78 0.94011
1.79 0.94011
1.8 0.94011
1.81 0.94011
1.82 0.94011
1.83 0.94011
1.84 0.94011
1.85 0.94011
1.86 0.94011
1.87 0.94011
1.88 0.94011
1.89 0.94011
1.9 0.94011
1.91 0.94011
1.92 0.94012
1.93 0.94012
1.94 0.94012
1.95 0.94012
1.96 0.94012
1.97 0.94012
1.98 0.94012
1.99 0.94012
  2 0.94012
2.01 0.94012
2.02 0.94012
2.03 0.94012
2.04 0.94012
2.05 0.94012
2.06 0.94012
2.07 0.94012
2.08 0.94012
2.09 0.94012
2.1 0.94012
2.11 0.94012
2.12 0.94012
2.13 0.94012
2.14 0.94012
2.15 0.94012
2.16 0.94012
2.17 0.94012
2.18 0.94012
2.19 0.94012
2.2 0.94012
2.21 0.94012
2.22 0.94012
2.23 0.94012
2.24 0.94012
2.25 0.94012
2.26 0.94012
2.27 0.94012
2.28 0.94012
2.29 0.94012
2.3 0.94012
2.31 0.94012
2.32 0.94012
2.33 0.94012
2.34 0.94012
2.35 0.94012
2.36 0.94012
2.37 0.94012
2.38 0.94012
2.39 0.94012
2.4 0.94012
2.41 0.94012
2.42 0.94012
2.43 0.94012
2.44 0.94012
2.45 0.94012
2.46 0.94012
2.47 0.94012
2.48 0.94012
2.49 0.94012
2.5 0.94012
2.51 0.94012
2.52 0.94012
2.53 0.94012
2.54 0.94012
2.55 0.94012
2.56 0.94013
2.57 0.94013
2.58 0.94013
2.59 0.94013
2.6 0.94013
2.61 0.94013
2.62 0.94013
2.63 0.94013
2.64 0.94013
2.65 0.94013
2.66 0.94013
2.67 0.94013
2.68 0.94013
2.69 0.94013
2.7 0.94013
2.71 0.94013
2.72 0.94013
2.73 0.94013
2.74 0.94013
2.75 0.94013
2.76 0.94013
2.77 0.94013
2.78 0.94013
2.79 0.94013
2.8 0.94013
2.81 0.94013
2.82 0.94013
2.83 0.94013
2.84 0.94013
2.85 0.94013
2.86 0.94013
2.87 0.94013
2.88 0.94013
2.89 0.94013
2.9 0.94013
2.91 0.94013
2.92 0.94013
2.93 0.94013
2.94 0.94013
2.95 0.94013
2.96 0.94013
2.97 0.94013
2.98 0.94013
2.99 0.94013
  3 0.94013
3.01 0.94013
3.02 0.94013
3.03 0.94013
3.04 0.94013
3.05 0.94013
3.06 0.94013
3.07 0.94013
3.08 0.94013
3.09 0.94013
3.1 0.94013
3.11 0.94013
3.12 0.94014
3.13 0.94014
3.14 0.94014
3.15 0.94014
3.16 0.94014
3.17 0.94014
3.18 0.94014
3.19 0.94014
3.2 0.94014
3.21 0.94014
3.22 0.94014
3.23 0.94014
3.24 0.94014
3.25 0.94014
3.26 0.94014
3.27 0.94014
3.28 0.94014
3.29 0.94014
3.3 0.94014
3.31 0.94014
3.32 0.94014
3.33 0.94014
3.34 0.94014
3.35 0.94014
3.36 0.94014
3.37 0.94014
3.38 0.94014
3.39 0.94014
3.4 0.94014
3.41 0.94014
3.42 0.94014
3.43 0.94014
3.44 0.94014
3.45 0.94014
3.46 0.94014
3.47 0.94014
3.48 0.94014
3.49 0.94014
3.5 0.94014
3.51 0.94014
3.52 0.94014
3.53 0.94014
3.54 0.94014
3.55 0.94014
3.56 0.94014
3.57 0.94014
3.58 0.94014
3.59 0.94014
3.6 0.94014
3.61 0.94014
3.62 0.94014
3.63 0.94014
3.64 0.94014
3.65 0.94014
3.66 0.94014
3.67 0.94014
3.68 0.94014
3.69 0.94014
3.7 0.94014
3.71 0.94014
3.72 0.94014
3.73 0.94014
3.74 0.94014
3.75 0.94014
3.76 0.94015
3.77 0.94015
3.78 0.94015
3.79 0.94015
3.8 0.94015
3.81 0.94015
3.82 0.94015
3.83 0.94015
3.84 0.94015
3.85 0.94015
3.86 0.94015
3.87 0.94015
3.88 0.94015
3.89 0.94015
3.9 0.94015
3.91 0.94015
3.92 0.94015
3.93 0.94015
3.94 0.94015
3.95 0.94015
3.96 0.94015
3.97 0.94015
3.98 0.94015
3.99 0.94015
  4 0.94015
4.01 0.94015
4.02 0.94015
4.03 0.94015
4.04 0.94015
4.05 0.94015
4.06 0.94015
4.07 0.94015
4.08 0.94015
4.09 0.94015
4.1 0.94015
4.11 0.94015
4.12 0.94015
4.13 0.94015
4.14 0.94015
4.15 0.94015
4.16 0.94015
4.17 0.94015
4.18 0.94015
4.19 0.94015
4.2 0.94015
4.21 0.94015
4.22 0.94015
4.23 0.94015
4.24 0.94016
4.25 0.94016
4.26 0.94016
4.27 0.94016
4.28 0.94016
4.29 0.94016
4.3 0.94016
4.31 0.94016
4.32 0.94016
4.33 0.94016
4.34 0.94016
4.35 0.94016
4.36 0.94016
4.37 0.94016
4.38 0.94016
4.39 0.94016
4.4 0.94016
4.41 0.94016
4.42 0.94016
4.43 0.94016
4.44 0.94016
4.45 0.94016
4.46 0.94016
4.47 0.94016
4.48 0.94016
4.49 0.94016
4.5 0.94016
4.51 0.94016
4.52 0.94016
4.53 0.94016
4.54 0.94016
4.55 0.94016
4.56 0.94016
4.57 0.94016
4.58 0.94016
4.59 0.94016
4.6 0.94016
4.61 0.94016
4.62 0.94016
4.63 0.94016
4.64 0.94016
4.65 0.94016
4.66 0.94016
4.67 0.94016
4.68 0.94016
4.69 0.94016
4.7 0.94016
4.71 0.94016
4.72 0.94016
4.73 0.94016
4.74 0.94016
4.75 0.94016
4.76 0.94017
4.77 0.94017
4.78 0.94017
4.79 0.94017
4.8 0.94017
4.81 0.94017
4.82 0.94017
4.83 0.94017
4.84 0.94017
4.85 0.94017
4.86 0.94017
4.87 0.94017
4.88 0.94017
4.89 0.94017
4.9 0.94017
4.91 0.94017
4.92 0.94017
4.93 0.94017
4.94 0.94017
4.95 0.94017
4.96 0.94017
4.97 0.94017
4.98 0.94017
4.99 0.94017
  5 0.94017
5.01 0.94017
5.02 0.94017
5.03 0.94017
5.04 0.94017
5.05 0.94017
5.06 0.94017
5.07 0.94017
5.08 0.94017
5.09 0.94017
5.1 0.94017
5.11 0.94017
5.12 0.94017
5.13 0.94017
5.14 0.94017
5.15 0.94017
5.16 0.94017
5.17 0.94017
5.18 0.94017
5.19 0.94017
5.2 0.94017
5.21 0.94017
5.22 0.94017
5.23 0.94017
5.24 0.94017
5.25 0.94017
5.26 0.94017
5.27 0.94017
5.28 0.94017
5.29 0.94017
5.3 0.94018
5.31 0.94018
5.32 0.94018
5.33 0.94018
5.34 0.94018
5.35 0.94018
5.36 0.94018
5.37 0.94018
5.38 0.94018
5.39 0.94018
5.4 0.94018
5.41 0.94018
5.42 0.94018
5.43 0.94018
5.44 0.94018
5.45 0.94018
5.46 0.94018
5.47 0.94018
5.48 0.94018
5.49 0.94018
5.5 0.94018
5.51 0.94018
5.52 0.94018
5.53 0.94018
5.54 0.94018
5.55 0.94018
5.56 0.94018
5.57 0.94018
5.58 0.94018
5.59 0.94018
5.6 0.94018
5.61 0.94018
5.62 0.94018
5.63 0.94018
5.64 0.94018
5.65 0.94018
5.66 0.94018
5.67 0.94018
5.68 0.94018
5.69 0.94018
5.7 0.94018
5.71 0.94018
5.72 0.94018
5.73 0.94018
5.74 0.94018
5.75 0.94018
5.76 0.94018
5.77 0.94018
5.78 0.94018
5.79 0.94018
5.8 0.94018
5.81 0.94018
5.82 0.94018
5.83 0.94018
5.84 0.94018
5.85 0.94018
5.86 0.94018
5.87 0.94018
5.88 0.94018
5.89 0.94018
5.9 0.94018
5.91 0.94018
5.92 0.94018
5.93 0.94018
5.94 0.94018
5.95 0.94018
5.96 0.94018
5.97 0.94018
5.98 0.94018
5.99 0.94018
  6 0.94018
